75
13
0 13 17 18 20 21 22 26 28 29 31 33 36 37 38 39 40 41 44 45 48 49 51 52 53 54 55 56 61 63 64 65 66 68 70 71 74
1 13 15 17 18 20 21 23 25 29 31 32 33 35 36 38 40 43 45 46 49 52 53 56 59 62 64 65 66 68 71 74
2 13 15 17 20 21 31 33 35 36 37 38 39 42 43 48 49 51 52 56 58 59 61 65 67 68 69 70 71 72 74
3 15 18 25 31 33 34 36 38 43 44 47 48 49 51 52 53 54 55 56 57 59 61 64 65 70 71 72 74
4 14 18 20 21 22 25 29 30 32 34 35 38 39 41 42 43 45 46 49 51 52 56 58 63 64 65 66 68 70 71 72 73 74
5 16 18 19 20 26 29 32 33 36 40 42 45 46 49 51 54 55 56 61 62 63 64 68 70 71 72 74
6 14 19 20 23 26 27 28 29 30 36 37 43 45 46 47 48 50 51 52 53 55 59 63 64 71 72 74
7 13 17 19 21 23 26 27 30 37 39 45 47 49 52 53 57 61 63 66 68 70 72 74
8 14 15 19 20 21 27 28 33 40 41 43 49 53 55 57 58 60 61 62 63 65 69 73
9 13 17 20 23 25 27 31 41 47 48 50 61 63 64 72 73
10 22 23 24 31 49 50 52 68 72 74
11 13 19 35 40 43 61 70
12 30 64 68
