99
22
0 22 25 26 27 29 30 32 34 36 40 45 46 47 48 52 56 57 59 62 64 65 66 67 69 72 74 75 76 78 80 81 85 86 89 90 91 92 94 95 96 97 98
1 22 29 32 33 36 37 39 43 46 48 49 52 53 54 56 57 58 59 60 62 65 67 69 71 74 78 80 84 85 86 87 88 89 90 91 92 94 96 97
2 22 24 25 29 30 32 33 34 35 36 37 38 39 40 44 46 47 50 52 53 57 60 62 65 69 70 76 79 80 86 88 89 90 92 96
3 22 26 29 30 32 34 36 39 40 42 44 45 47 48 50 53 54 57 59 63 69 70 71 72 73 75 76 78 80 83 85 87 88 89 90 92 96 97 98
4 25 26 28 29 32 33 36 37 43 44 46 50 52 53 56 58 59 60 63 65 69 71 73 75 76 77 78 80 82 85 88 89 90 93 96 97 98
5 22 23 25 29 30 34 36 37 39 43 46 47 52 53 55 56 57 58 59 65 66 69 70 71 72 74 75 78 86 88 89 92 94 96 98
6 25 26 27 29 30 33 36 38 39 40 44 46 49 50 52 53 58 60 67 69 74 75 80 86 87 88 89 91 92 94 97 98
7 22 25 27 30 32 34 40 42 43 44 46 47 53 56 67 69 70 72 73 74 75 76 77 80 86 87 88 90 91 94 95 96 98
8 25 26 29 30 32 34 39 40 41 42 45 46 47 49 50 53 57 58 65 67 69 70 71 72 73 74 75 78 81 83 84 88 89 97
9 22 24 25 28 30 34 35 36 51 57 59 60 62 69 75 76 81 83 86 89 96 98
10 25 28 29 33 36 38 40 42 44 46 50 51 52 56 57 59 73 74 80 81 85 87 91 96 98
11 25 26 30 31 32 34 36 37 38 40 43 45 52 53 57 58 61 62 67 69 70 73 74 80 81 86 88 90 92 96 97 98
12 22 27 29 30 32 33 38 39 52 54 57 59 60 62 63 69 70 72 73 74 75 76 82 87 88 89 94 96 97
13 22 23 27 32 36 39 45 52 53 54 58 66 68 69 72 75 76 78 80 91 96 98
14 26 29 30 34 35 38 40 44 46 50 52 53 63 66 67 69 70 72 75 76 77 80 82 83 91 92 95
15 22 26 29 37 38 45 46 47 50 54 56 58 59 60 63 67 72 80 85 87 91 92 95 97
16 22 23 27 30 34 39 41 42 43 48 51 57 62 64 68 76 83 84 85 86 90 96
17 23 35 37 42 47 51 56 57 65 67 75 80 82 91
18 27 30 34 37 41 45 48 67 76 81 86 89 93
19 27 36 46 59 81 87
20 33 38 52 72 94
21 49 50 74 85
