84
18
0 18 19 26 31 33 34 35 37 38 39 42 43 44 45 47 48 50 51 52 53 55 58 59 60 61 63 65 66 71 72 73 78 81
1 18 19 21 22 23 25 26 29 34 36 38 39 44 45 50 51 53 58 59 61 63 66 68 70 71 72 74 78 81 83
2 18 19 26 30 31 38 39 43 44 53 55 58 59 61 63 66 68 71 72 76 77 78 81 82 83
3 18 20 24 25 26 29 31 34 39 42 43 49 51 52 53 59 61 63 64 66 67 68 69 70 72 75 77 78 81 83
4 18 19 24 28 29 31 33 34 38 39 40 43 44 49 50 51 53 55 57 58 60 61 63 68 70 71 72 80 83
5 18 20 22 31 33 34 37 38 39 41 42 44 47 50 51 53 55 58 60 61 63 64 65 68 70 71 72 73 76 81 83
6 19 20 22 24 27 28 29 30 34 37 39 43 44 45 51 55 56 60 61 65 66 67 71 75 76 78 83
7 18 19 22 26 27 29 32 34 36 38 39 44 49 50 51 54 55 59 60 65 66 68 69 70 72 76 78 81 83
8 20 22 24 27 30 37 39 42 44 45 51 53 58 59 61 63 65 66 68 69 70 73 76 78 83
9 18 19 22 24 25 28 30 31 36 37 38 39 43 44 46 51 52 53 55 58 60 62 65 66 69 71 72 74 76 77 81
10 19 20 22 24 26 27 29 34 37 39 42 44 52 55 58 60 63 68 70 71 74 75 78 81 83
11 20 22 25 28 29 30 31 34 36 38 40 45 49 50 52 63 66 68 74 75 78 79 80
12 18 25 29 31 33 37 42 45 52 55 56 59 63 68 69 83
13 19 25 30 39 42 48 53 58 59 65 69 71 74 80
14 21 30 34 38 39 48 50 56 64 77 78 80 82 83
15 19 24 33 44 45 47 59 65 66 74
16 18 20 31 40 48 51 64 68 72 76 82
17 22 31 63 75
