86
24
0 25 26 28 29 30 33 46 47 50 51 52 59 60 63 64 67 68 69 73 74 75 79 80
1 25 32 33 36 37 38 40 47 48 50 53 55 59 60 63 65 69 73 74 77 79 80 82 83
2 26 29 30 32 33 34 36 39 40 44 47 48 49 53 54 59 67 69 73 74 75 76 79 81
3 24 29 30 31 32 33 40 47 49 50 52 56 58 60 61 62 63 64 67 69 74 77 80 85
4 28 32 33 36 39 42 47 48 50 53 58 59 61 64 65 67 68 73 74 76 77 79 80 81 83 84
5 27 29 32 33 36 38 40 51 52 59 60 61 63 64 69 74 75 77 78 80 81 83
6 25 26 29 32 33 35 36 40 42 44 47 48 50 52 53 60 61 62 63 64 67 69 72 80 81 82 83
7 25 27 28 30 33 39 44 47 49 50 52 53 65 68 69 77 80
8 25 26 28 32 34 36 40 42 43 45 47 53 54 55 59 60 63 64 65 67 68 69 73 74 78 79 80 81
9 27 33 34 36 37 52 53 54 57 60 63 68 69 73 77 78 81 82 85
10 25 28 29 30 40 48 49 53 54 59 60 61 63 65 67 69 76 77 78 79
11 25 26 27 28 29 30 32 33 34 36 37 44 47 52 59 63 65 68 73 74 80 82 85
12 25 28 33 34 44 45 48 49 50 54 59 61 65 68 74 75 76 79 80 82
13 28 29 30 32 39 47 53 60 61 66 73 75 77 78 85
14 28 30 36 40 47 49 50 52 58 61 68 74 76 79 80 82
15 24 30 32 33 37 43 45 47 64 68 74 76 77 79 80 82 84
16 26 34 38 43 44 46 48 50 59 64 65 74 76 77
17 27 29 31 32 37 40 42 45 56 59 63 69 73 75 76
18 25 34 37 46 48 62 63 64 66 67 69 72 76
19 30 33 40 56 63 65 66 75
20 31 32 36 41 53 59 71 73 74 78 80 81
21 36 47 59 60 64 67 68 70 75
22 28 33 39 51 71
23 75
