81
14
0 15 17 24 28 29 30 31 32 36 38 40 43 44 47 48 50 52 54 56 58 59 60 61 63 65 68 70 71 73 74 76 77 80
1 15 16 17 18 19 21 23 25 28 29 30 31 33 36 38 39 40 43 44 48 51 53 54 56 58 59 65 68 69 73 76 78
2 17 19 25 26 28 29 30 31 32 34 36 38 40 42 43 44 47 50 52 55 56 58 59 60 64 65 68 69 71 74 76 78
3 14 18 21 23 25 27 30 31 33 35 36 37 38 39 40 41 42 43 44 47 48 49 50 51 52 55 56 58 59 60 65 69 70 73 75 76 78 79
4 16 17 18 22 23 24 25 26 29 30 31 33 34 36 39 40 45 50 52 53 55 56 58 59 60 65 68 69 70 71 73 75 79
5 21 22 23 24 27 33 37 41 42 43 44 48 53 55 56 57 59 60 61 66 75 76
6 16 19 21 22 28 30 36 40 43 44 47 52 56 59 61 67 68 70 73 74 75 76 77 78
7 20 21 22 23 25 31 33 36 37 38 39 40 42 53 54 56 58 60 61 65 66 67 68 73 75 78 80
8 14 16 17 21 24 27 36 38 40 47 48 55 57 60 66 67 68 71 79 80
9 19 27 28 32 36 37 39 44 46 55 60 63 66 76 80
10 16 18 22 23 25 29 33 38 39 41 47 48 50 62 63 65 70 74
11 17 20 29 31 35 46 54 59 62 64 66 72 73 76 77 79
12 14 25 31 39 42 43 48 57 61 68 69 71 75 76
13 24 29 37 58 62
