99
15
0 15 16 17 22 23 24 25 27 29 33 38 39 40 42 44 45 48 49 51 53 57 58 59 63 64 65 66 67 68 69 70 71 72 73 77 82 83 84 85 95 96 98
1 15 16 17 18 19 22 23 27 29 30 31 33 34 35 37 38 39 40 42 43 45 48 50 51 55 56 58 59 62 64 66 67 68 72 73 77 81 84 85 89 91 95 97 98
2 15 16 17 18 21 24 25 29 31 32 33 37 38 41 42 47 51 53 55 57 58 59 61 62 63 64 66 68 69 71 72 73 77 80 81 82 83 84 85 89 91 92 94 95 96 97 98
3 15 17 24 26 27 29 30 31 35 37 38 39 40 42 43 44 45 48 50 51 53 55 56 57 61 62 66 67 68 70 72 73 76 77 84 85 86 87 89 91 92 94 95 98
4 16 18 19 22 23 24 25 30 31 32 37 40 41 42 48 50 52 53 55 57 59 63 67 72 77 79 84 89 93 95 98
5 15 19 22 24 25 29 30 31 32 33 37 45 50 53 54 55 56 59 61 62 66 68 70 71 73 77 78 79 80 84 85 86 91 94 95 98
6 15 16 18 19 21 22 23 24 26 27 29 31 33 34 37 38 39 40 43 47 51 53 56 57 58 59 61 64 67 68 69 72 76 77 79 85 86 89 95 97
7 17 19 22 23 24 25 27 29 31 33 35 37 39 40 42 50 52 56 57 61 64 65 69 71 73 74 76 79 89 91 94 97 98
8 16 17 24 27 28 31 33 34 35 46 47 48 50 57 58 65 73 76 77 79 81 95
9 15 17 19 24 28 32 33 37 39 40 43 44 48 52 56 61 62 66 67 71 72 81 83 84 92 97
10 16 20 22 25 29 33 37 38 42 45 48 51 53 58 61 63 65 66 67 70 79 82 83 84 89 91 93 94
11 18 20 26 27 29 32 34 38 40 41 42 43 46 50 52 55 64 77 81 85 88 90 93
12 18 19 21 24 25 29 35 43 44 45 55 60 62 69 70 85 89 98
13 28 44 45 47 48 49 54 55 57 60 65 74 75 88 95
14 36 39 65 78 82
