70
14
0 17 18 19 20 21 22 27 31 33 35 36 37 42 49 53 55 57 58 59 62 64 65 66 68
1 17 20 21 22 23 26 27 29 30 31 32 33 37 40 41 42 46 49 52 53 55 56 57 58 61 62 63 65 66 67 69
2 17 19 20 21 22 23 29 30 36 37 38 39 40 41 44 46 50 51 52 53 55 56 57 58 59 60 62 63 64 67 68
3 17 19 23 27 31 35 36 41 42 44 47 48 52 53 55 56 57 58 59 62 64 66 67 68
4 14 17 19 21 22 23 27 28 30 35 36 37 40 42 44 47 48 49 50 53 55 57 58 59 62 64 67
5 22 23 27 29 30 32 35 37 39 41 42 47 48 50 52 53 54 56 58 59 62 64 66 68 69
6 14 15 17 18 19 21 22 23 26 27 31 37 45 48 49 50 55 56 57 58 59 61 62 64 68
7 14 17 19 21 22 23 25 26 27 31 36 38 40 48 49 50 53 55 56 58 59 63 64 65 66
8 16 19 20 21 27 29 31 32 35 39 41 42 52 56 62 63 64 66 67 68 69
9 14 15 20 23 25 28 29 32 33 35 37 42 43 45 53 56 57 62 63 67 69
10 15 21 24 27 28 29 33 34 36 41 42 43 46 48 51 54 59 60 66 68
11 16 20 28 30 36 49
12 19 24 26 46 60 63
13 34 55 57
