65
16
0 17 18 19 20 23 25 27 28 29 30 31 34 35 38 40 42 43 44 46 48 50 51 53 55 56 57 60 61 63
1 16 20 23 25 26 27 28 29 30 31 33 40 42 43 44 48 49 50 51 53 57 61 63
2 20 25 27 29 30 33 38 42 43 44 47 50 51 54 56 59 60 61 63 64
3 16 17 19 20 23 25 27 29 31 34 35 38 40 42 43 44 48 49 50 51 57 61 62 63
4 16 25 26 27 28 30 32 33 35 38 39 40 42 43 45 48 51 53 56 57 61 63 64
5 20 21 22 23 24 25 26 27 28 29 31 33 35 36 38 39 44 46 48 49 51 55 56 60
6 21 23 25 28 29 30 31 34 38 40 41 42 43 44 45 49 52 54 56 57 62 63
7 20 21 22 25 27 28 30 31 43 44 48 49 54 55 57 58 59 60 61 63
8 16 18 27 29 30 34 36 37 43 44 49 50 52 56 57 60 62 63
9 19 20 22 23 24 29 42 49 50 52 56
10 17 19 21 27 33 42 46 49 51 52 56 61 63
11 16 17 21 23 25 27 29 31 33 39 40 42 45 46 49 50 51 55 57 59
12 17 18 19 21 26 29 30 37 42 46 49 51 61
13 24 25 34 43 45 58
14 16 26 39 63
15 24 33 48 53 60
