74
19
0 19 22 24 29 30 31 32 34 35 38 39 40 41 45 47 48 49 51 52 53 58 60 62 63 66 67 68 69 71 73
1 19 20 21 23 27 29 30 31 34 35 36 39 42 48 49 50 51 52 53 55 58 59 62 65 67 69 70 71 73
2 20 22 27 28 29 30 31 32 35 37 40 44 46 47 48 51 53 59 60 62 64 66 67 68 71 72 73
3 20 23 24 25 29 30 32 33 36 38 39 40 48 49 52 58 60 62 64 65 69 71 73
4 19 20 21 24 27 30 31 36 39 40 41 48 50 52 53 54 58 60 62 66 67 69 70 72
5 24 26 27 28 30 34 35 38 39 41 45 46 48 49 52 53 54 58 60 62 66 68 69 70
6 20 22 24 25 26 29 31 32 35 36 38 39 48 50 52 54 56 60 62 63 66 67 69 70 72
7 20 24 26 29 30 31 32 35 36 40 41 53 55 56 58 59 60 61 69 70 71 73
8 21 24 25 26 27 29 32 34 38 41 46 48 53 60 61 65 66 69 71 73
9 25 30 32 34 37 39 40 41 46 49 52 53 58 60 62 64 65 67 68 69 70 72
10 23 25 27 28 35 37 38 39 41 43 46 50 58 60 63 66 68 71
11 19 20 23 24 26 27 34 36 37 38 40 42 43 46 48 49 50 55 56 65 70 71 72 73
12 19 21 22 24 35 36 39 49 50 52 57 58 61 62 71
13 23 35 40 47 50 53 54 62 69 71
14 27 28 32 39 47 48 51 54 69 72
15 23 28 30 35 37 38 45 55 57 61 62 64 70 73
16 32 44 46 66 67 69 70 72
17 33 34 42 55 58 67
18 31 45 47 48 71
