94
16
0 17 19 21 23 24 27 28 30 35 38 39 40 42 44 47 49 50 51 55 59 62 64 66 70 71 72 73 76 77 78 80 81 83 87 88
1 19 21 24 26 30 32 35 37 38 39 40 42 43 45 47 48 49 50 51 52 53 54 55 59 60 63 66 70 71 72 76 78 81 83 84 85 88 92
2 16 17 19 21 23 24 26 32 35 36 39 40 43 45 47 49 50 51 52 55 59 61 62 64 65 69 70 71 72 80 83 88 90 92
3 19 21 23 24 30 32 36 38 39 40 41 42 43 45 47 49 50 51 53 54 55 58 59 60 62 63 64 66 69 70 71 72 77 78 80 83 88 89 93
4 19 20 22 23 26 27 28 32 35 37 42 43 45 47 48 49 50 52 55 58 59 60 62 63 64 66 72 76 77 78 80 81 84 85 87 88 90
5 19 20 21 23 26 27 32 36 39 41 47 49 51 52 59 60 63 64 69 70 71 72 77 78 79 81 85 88 89 92
6 17 18 19 21 24 26 31 35 37 38 40 42 45 46 47 49 50 51 52 53 54 55 62 66 69 70 72 74 76 86 90 92
7 26 27 28 29 32 35 38 40 42 45 51 52 57 59 60 63 64 67 72 74 75 76 77 78 80 81 85 86 88
8 16 19 21 22 23 24 29 30 31 34 36 38 40 41 43 45 47 51 55 59 60 61 67 70 74 77 81 85 87 88 89 92
9 16 20 23 24 29 30 32 35 38 42 43 47 50 51 56 58 60 61 62 69 71 74 78 79 80 83 84 87 89 91 92
10 16 17 19 21 24 29 31 32 38 46 49 51 52 61 69 70 71 72 83 85 88 93
11 25 26 36 39 45 46 48 51 57 58 59 60 67 71 77 82 90
12 16 17 19 20 22 25 27 30 33 38 44 52 53 54 55 59 63 64 75 80 91
13 23 25 35 40 45 77 79 89 90
14 18 26 30 37 38 57 60 65 68 82 93
15 42 47 63 88 90
