81
21
0 25 26 27 29 32 33 37 39 46 47 49 50 52 53 56 57 58 62 63 65 66 68 69 70 71 72 74 77 79 80
1 21 25 26 27 32 33 34 37 38 43 45 50 52 53 56 58 59 62 63 65 66 68 70 71 72 74 77 79
2 23 24 26 28 29 30 32 33 34 37 38 44 49 50 53 56 57 58 63 64 66 68 69 70 71 72 73 74 75 79
3 23 24 25 30 32 33 37 38 39 40 41 42 43 44 50 52 53 56 57 58 62 63 64 66 67 68 69 70 72 74 77 78 80
4 22 26 27 30 32 34 37 41 42 50 52 55 58 59 60 62 63 66 68 69 70 72 74 78 79
5 23 25 26 27 28 29 32 33 34 39 41 46 48 50 53 55 56 60 64 68 69 70 74 77 79
6 21 23 24 26 27 32 37 38 46 52 53 57 58 68 69 71 72 74 75 78 79 80
7 21 23 25 26 27 28 29 32 33 44 45 49 50 52 53 55 58 59 63 65 68 69 72 77 78 79
8 23 25 27 29 32 33 35 37 38 39 40 45 46 49 50 52 53 66 68 69 70 72 74 75 78 79
9 25 26 30 32 33 34 36 37 38 49 54 55 56 58 60 63 64 66 67 70 71 74 75
10 24 27 39 42 43 46 49 50 52 55 56 57 60 63 69 70 72 75
11 21 23 33 37 50 52 59 60 62 63 66 68 69 77 79
12 24 25 27 30 33 36 37 39 40 41 43 50 53 60 62 63 64 68 74 75 78 80
13 23 24 25 27 30 32 33 34 35 37 38 41 42 47 51 55 58 59 60 63 65 66 69 75 78
14 21 26 29 32 36 37 38 41 45 56 61 63 70 72
15 21 24 29 33 39 41 45 52 54 56 66 68
16 24 25 26 29 37 43 46 51 54 57 58 64 65 68 72 75 78 79 80
17 23 28 29 34 55 59 62 64 69 75 77
18 36 38 50 52 64 71
19 26 35 42 45
20 31 76 77
