96
15
0 19 24 25 27 28 29 32 33 34 35 36 38 40 41 44 46 47 48 50 56 58 59 61 62 63 64 66 67 68 69 70 71 72 73 75 78 84 85 87 91 92 94 95
1 19 22 23 24 25 26 27 28 29 31 32 33 34 35 36 40 42 46 52 55 56 57 58 59 61 62 63 64 65 66 67 68 70 71 74 75 76 77 81 85 86 91 92 94 95
2 17 19 21 22 24 25 26 27 28 29 32 33 35 40 42 43 44 45 47 48 53 57 58 59 61 62 64 66 67 68 70 72 73 77 79 80 82 84 85 86 89 91 92 94
3 19 24 25 29 32 34 36 38 40 41 42 43 44 53 55 56 57 59 60 61 62 63 68 69 70 71 73 74 77 80 82 85 86 89 90 91 93 94
4 17 18 22 23 24 26 27 28 29 31 32 34 35 36 38 39 40 41 44 49 52 53 55 57 59 60 61 62 63 66 70 71 75 77 78 79 82 84 85 86 87 89 91 92 94 95
5 16 17 20 23 26 27 28 31 32 33 36 40 46 47 50 52 53 56 57 58 59 63 65 66 67 75 76 77 82 83 85 88 89 90 91 93 95
6 15 17 18 19 25 26 27 28 29 30 31 32 33 36 37 40 42 46 55 56 57 59 61 67 68 70 73 76 85 90 92 93
7 17 18 20 23 24 25 27 28 30 33 34 35 36 38 43 47 48 53 54 55 57 58 62 64 66 67 69 70 71 72 75 76 77 83 86 87 89 92 94 95
8 17 19 21 23 25 27 28 29 31 33 34 40 41 44 46 47 48 52 62 63 64 66 68 71 73 75 76 77 81 82 85 88 94 95
9 18 21 26 31 42 44 47 50 53 55 56 58 60 62 70 73 75 82 84 88 91 92
10 15 23 28 30 31 34 35 40 44 46 47 52 56 57 58 60 61 63 64 87 88 91 95
11 19 20 23 29 33 37 40 49 61 64 66 76 87 92
12 18 22 25 28 30 38 48 51 58 79 94
13 26 31 36 38 44 52 53 67 81 84 91
14 24 48 93
