86
13
0 13 16 17 19 21 27 28 31 34 37 39 42 43 44 45 47 50 51 53 54 55 57 58 60 64 69 70 72 74 75 76 77 80 82 85
1 14 16 19 21 23 25 26 27 28 34 39 40 42 44 49 50 51 57 69 72 74 75 76 79 80 81 82 84 85
2 18 20 21 23 24 25 26 27 30 31 32 33 34 35 36 38 40 41 42 43 44 49 50 51 53 54 57 61 63 64 66 68 69 71 72 74 75 76 77 80 82 85
3 13 17 19 21 24 25 29 31 32 33 36 38 40 41 42 43 44 45 48 49 50 51 53 54 55 57 60 65 66 67 68 69 72 74 75 76 81 82 84 85
4 13 16 19 25 26 27 28 29 31 32 34 35 38 39 42 47 50 53 58 68 69 70 72 80 81 82 85
5 13 17 21 22 27 31 35 37 38 41 42 43 44 47 51 53 57 59 64 69 71 73 76 77 81 85
6 13 20 27 28 29 32 34 35 36 45 47 50 51 53 54 58 59 60 64 68 70 76 77 78 81 82
7 15 17 22 26 29 31 33 34 35 36 40 45 49 50 54 57 58 64 67 69 72 74 75 80 85
8 18 26 30 38 39 41 43 44 45 49 52 54 56 58 61 64 67 70 71 74 75 76 77 80 82 83 84
9 13 17 22 24 26 28 30 34 36 40 43 45 47 51 55 56 60 67 71 72 73 74 75 76 82
10 13 18 19 25 35 41 44 52 56 64 69 70 71 82 83
11 16 31 32 39 56 61 66 69 72 73 78
12 16 24 32 41 44 45 46 62 67
