94
16
0 16 19 20 24 25 26 27 30 31 32 33 35 38 40 41 43 44 46 47 48 49 51 54 55 57 58 59 60 62 64 65 66 67 68 73 76 77 79 80 83 85 87 88 89 90 92
1 16 17 20 21 22 23 27 29 31 32 33 38 40 41 43 45 46 51 53 54 55 56 59 60 64 69 72 76 77 79 80 82 84 85 88 90 92
2 16 17 18 19 20 21 22 27 29 31 32 33 34 38 40 41 46 47 49 51 54 55 59 60 61 65 67 68 70 71 72 73 76 77 79 80 83 84 85 88 90 93
3 16 19 23 25 26 27 30 32 33 34 35 38 40 41 42 46 47 48 49 51 55 56 58 59 60 65 67 68 69 70 71 73 75 79 80 83 84 85 87 88 90 92
4 16 17 19 20 22 25 27 28 29 32 33 35 37 38 41 43 45 46 54 59 61 63 64 65 67 69 70 74 77 79 80 81 82 83 84 85 88 90 92
5 16 18 21 27 30 32 33 34 39 43 54 57 59 62 65 66 68 72 73 74 77 79 82 83 85 88 89 90 93
6 16 21 22 26 27 28 30 31 33 34 35 40 41 44 46 51 53 54 59 60 62 64 70 73 77 79 80 81 82 83 86 88 92 93
7 17 19 20 21 24 25 26 27 31 32 41 43 46 48 51 53 54 59 60 61 64 65 66 67 69 75 76 80 83 84 85 88 93
8 21 23 31 35 38 39 40 43 44 46 47 48 49 51 60 62 66 76 78 82 84 86 91
9 16 19 24 29 31 33 34 36 41 47 50 51 54 55 59 60 65 66 68 71 72 79 80 85 86
10 22 26 29 30 31 33 34 35 38 44 50 54 57 58 60 62 72 73 75 76 84 88 90
11 19 22 27 29 35 40 50 54 55 58 61 63 68 73 76 77 80 86 91 92
12 16 19 24 33 36 38 39 46 47 48 53 55 57 68 71 73 82 83 84 85 86 87 91 92 93
13 21 26 28 36 40 45 50 52 57 77 81
14 18 30 41 50 66 67 69 75 77 84 89
15 23 55 61
