97
16
0 17 18 22 25 27 28 29 31 33 35 36 39 42 43 45 48 49 50 53 54 56 58 59 60 61 63 64 66 67 68 70 71 72 73 75 77 79 81 82 86 89 91 92 93 96
1 18 19 22 25 26 27 29 34 39 41 45 47 48 49 53 54 57 59 61 63 66 67 69 70 71 72 73 74 78 79 80 81 82 83 84 89 90 91 93 94 96
2 17 19 20 21 22 24 26 29 30 31 33 34 36 39 40 41 42 44 45 46 48 49 52 53 54 56 58 59 61 63 64 65 67 69 72 73 76 77 79 80 81 82 84 87 89 90 93 94 96
3 17 19 20 22 25 26 28 29 30 33 34 35 39 40 41 42 43 44 46 48 49 50 52 53 54 56 58 59 61 63 66 68 69 70 72 73 74 77 78 79 80 81 82 85 90 91 96
4 17 18 19 26 28 29 32 33 35 36 38 39 41 42 45 50 53 54 56 58 59 61 63 64 65 66 67 69 72 73 77 79 80 81 82 84 90 91 94 96
5 22 24 26 28 29 31 33 35 36 39 40 41 42 43 45 46 48 49 50 53 57 58 61 62 64 65 66 69 71 72 73 74 79 82 83 84 85 89 90 96
6 16 17 21 22 23 25 28 29 31 33 35 38 41 44 45 46 49 52 56 58 59 62 65 66 71 76 77 83 84 85 87 88 89 91 93
7 22 23 25 26 30 31 33 36 38 39 40 46 48 49 53 54 55 56 59 61 62 64 65 67 72 74 77 78 81 82 87 89 90 91 94 96
8 16 17 19 25 26 27 31 33 35 41 42 43 44 46 49 50 59 61 62 63 65 68 70 75 77 78 79 80 87 90 91 92 93 96
9 19 20 24 28 35 38 41 43 44 47 58 61 69 71 73 76 81 84 85 89
10 17 21 22 26 38 42 45 47 54 56 67 68 70 71 72 75 78 83 90 92 93 96
11 16 17 18 20 22 32 34 36 41 44 50 51 54 59 61 62 63 64 65 66 69 71 78 84 87 89 92
12 18 24 29 32 37 38 49 55 60 64 73 74 79 82 83 86 90
13 16 26 28 45 46 47 50 60 75 79 81 93
14 23 25 27 42 49 53 55 81 85
15 36 38 87 95
