76
18
0 18 20 24 26 27 32 34 35 38 39 40 41 42 43 44 51 52 57 60 67 68 70 72 73 74 75
1 18 20 24 25 26 27 29 33 34 35 37 38 39 40 41 44 45 46 50 51 52 57 58 59 61 64 65 66 67 68 69 70 71 75
2 18 20 24 26 27 29 32 33 34 36 37 38 39 40 41 45 46 50 51 54 57 58 60 61 65 67 68 69 71 72
3 24 26 27 30 32 33 34 35 38 39 40 41 50 51 52 55 57 59 65 67 68 69 70 71 74 75
4 18 20 22 26 27 30 31 32 33 35 39 41 44 47 50 52 53 54 57 58 60 61 68 69 71 72 75
5 18 19 24 26 29 35 39 40 41 43 44 45 46 47 50 51 55 57 60 65 66 68 69 70 71 72 74
6 19 22 26 29 30 33 36 38 40 41 42 43 44 45 48 50 51 58 59 60 61 64 66 67 68 69 70 71 73 74
7 27 28 32 33 38 39 41 44 45 46 48 50 57 59 61 62 66 68 69 71 74
8 18 21 24 30 32 39 40 41 42 43 46 50 54 55 57 58 59 64 65 66 67 69 74
9 24 26 28 29 30 32 35 38 45 46 47 53 54 55 57 58 59 66 67 72 73 74 75
10 19 24 28 30 33 44 45 47 48 51 52 54 55 57 58 59 66 68 69 71 74
11 18 21 22 24 26 30 32 34 36 38 43 46 48 51 55 58 59 63 65 66 67
12 20 23 25 28 32 35 40 41 42 44 49 56 61 64 65 68 69 73 75
13 19 27 28 31 40 42 44 49 53 54 57 61 69 70
14 20 28 29 37 39 42 45 47 48 50 51 54 63 64 68 71 72
15 18 22 29 35 46 67 72
16 23 53 67 70
17 27 34 51 55 62 67
