69
11
0 11 12 14 15 16 22 28 29 30 32 33 35 36 37 38 40 41 42 43 45 46 48 55 56 58 59 65 66 67 68
1 14 15 16 17 18 20 23 31 32 34 35 36 37 38 39 40 41 42 43 46 47 48 50 52 53 55 56 57 58 62 64 66 67 68
2 12 13 14 15 16 17 18 20 21 24 28 30 34 36 38 39 40 41 42 43 45 47 50 56 57 58 62 65 67 68
3 11 12 14 15 16 17 18 20 22 24 26 30 32 33 34 36 37 39 41 42 43 44 46 49 52 54 58 59 60 63 65 66 67 68
4 11 12 21 22 30 32 33 35 36 37 39 40 43 45 46 50 52 54 55 56 58 60 61 66 68
5 11 12 14 16 17 19 20 21 22 24 29 30 32 35 36 37 39 41 42 45 52 54 56 57 58 62 63 64 65 67
6 11 22 25 28 30 35 38 39 41 43 44 45 47 52 54 64 68
7 17 18 19 24 27 33 34 42 46 47 48 66
8 20 27 29 31 34 48 50 52 59
9 12 15 26 28 35 36 37 49 50 62 65
10 21 25 26 33 51 67
