99
14
0 14 15 16 20 23 26 27 31 35 36 37 41 47 48 53 54 56 57 59 60 62 64 66 67 69 71 72 73 74 76 78 81 82 84 85 88 96 97 98
1 14 16 19 22 23 26 27 28 30 32 35 37 38 41 47 49 52 54 57 58 60 64 66 68 69 70 71 72 73 74 75 76 78 79 80 81 84 85 86 87 92 96 97 98
2 14 15 16 20 25 26 28 29 31 33 35 37 45 47 48 49 52 53 54 56 57 60 66 67 69 71 72 74 75 77 78 81 84 87 92 94 95 96 97 98
3 15 19 21 23 24 25 26 27 32 33 35 36 37 41 43 45 47 50 53 56 57 59 60 62 63 64 65 68 69 71 74 75 78 79 80 82 84 85 87 90 91 92 93 94 97
4 14 15 17 18 19 20 22 23 24 27 29 33 37 46 49 53 54 55 57 60 64 66 67 72 73 74 76 79 80 81 83 87 92 95 96 97 98
5 14 18 24 27 29 31 34 35 36 37 38 47 51 53 54 57 59 61 62 64 66 67 68 71 72 73 74 78 84 89 92 93 94 96 98
6 14 15 20 23 25 27 28 36 40 41 42 45 47 48 49 51 52 53 58 59 64 65 67 72 73 77 80 82 83 84 89 92 95 97 98
7 14 15 16 19 24 26 28 33 36 40 41 42 45 47 49 50 53 54 57 60 67 73 76 79 80 81 82 93 95 97
8 25 28 29 31 32 33 37 39 41 56 58 59 62 67 68 69 73 74 75 76 82 83 84 89 95
9 16 17 19 20 24 30 33 45 49 52 53 57 59 65 76 79 81 85 87 92 95 96 97
10 20 23 25 36 50 51 55 56 64 69 71 72 77 80 85 89 97
11 15 16 23 26 29 39 41 45 47 48 52 54 55 69 70 74 93 94
12 14 19 21 25 28 30 37 42 44 49 62 66 72 78 91
13 35 74 81
