97
9
0 9 11 14 19 21 23 24 28 30 31 32 34 40 41 43 46 50 51 52 53 58 60 61 63 64 65 68 69 70 72 73 77 78 80 81 82 83 84 87 90 92 94
1 9 11 13 20 21 28 30 31 32 33 34 40 41 43 44 45 50 57 58 59 61 62 63 65 66 69 70 71 73 75 78 82 83 84 86 87 89 90 92 93 94 96
2 9 10 11 12 14 17 18 21 24 25 28 29 30 31 32 36 41 45 46 53 54 55 58 61 62 64 65 66 68 70 73 77 78 80 83 87 88 90 91 93 94
3 9 11 12 13 14 16 18 21 24 25 27 29 31 33 37 38 39 42 43 44 46 49 52 53 54 57 58 59 61 63 67 68 69 71 72 76 77 78 79 80 83 84 88 89 91 92 94 96
4 9 18 19 22 25 27 28 33 34 39 40 41 43 46 53 54 58 60 66 70 71 72 74 76 78 80 81 83 85 86 89 92 93 94 95 96
5 12 13 16 19 21 26 28 29 31 32 33 39 40 41 42 46 47 48 49 52 56 57 59 64 66 69 76 77 78 80 81 84 87 88 89 91 92
6 19 28 34 35 39 40 49 50 55 59 61 62 67 68 70 71 73 75 76 77 81 84 86 87 88 89
7 15 31 34 38 52 61 66 69 70 71 76 77 91 93 94
8 58 62 63 73 79 90 92
