66
19
0 19 21 22 23 24 25 26 34 35 37 39 40 42 43 44 47 51 52 53 54 55 57 60 62 63 64 65
1 19 21 22 23 26 27 32 34 36 39 40 43 44 45 46 47 49 50 51 53 55 62 63
2 21 23 24 26 27 34 37 38 39 40 41 42 43 45 46 47 48 50 52 53 55 63 64 65
3 19 21 23 24 25 26 31 32 33 34 37 39 41 43 44 45 46 47 48 49 51 54 55 57 62 63 64
4 20 21 22 24 25 27 31 35 37 39 40 43 45 47 51 56 57 60 61 64
5 20 21 23 24 25 28 31 32 33 35 36 38 39 40 41 44 46 62 63 64 65
6 19 21 26 27 28 31 34 35 37 39 40 41 43 44 45 47 50 51 60 61 62 64
7 22 23 24 25 31 35 37 39 40 50 51 53 60 62 63 64 65
8 19 23 24 25 28 37 38 40 41 42 44 45 51 53 54 59 64 65
9 19 21 22 23 25 26 31 39 41 45 47 53 54 57 60 61 63 64
10 21 22 24 25 27 30 34 36 38 40 41 44 45 47 53 57 58 60 61 64 65
11 21 22 23 27 31 34 35 38 42 43 45 51 52 54 60 61 62 64
12 21 24 26 27 28 32 37 38 43 46 53 55 61
13 26 33 40 44 48 50 51 55 58 65
14 19 20 25 31 32 43 45 49 53 57
15 22 24 31 34 35 39 40 43 44 45 48 58 62 63 65
16 60
17 32 47 65
18 27 29 43 46 56 62 64
