81
13
0 13 14 16 17 20 23 25 29 30 32 34 36 38 39 40 41 43 45 46 47 48 49 51 52 55 56 57 58 59 60 61 63 67 72 73 77 80
1 13 14 15 16 17 18 20 21 23 25 27 28 29 30 31 32 34 35 36 38 39 40 41 42 45 46 47 49 51 55 57 58 59 61 62 65 66 67 68 72
2 13 14 17 20 23 25 28 30 31 32 35 36 37 38 39 40 41 42 45 46 47 49 53 55 56 58 60 64 65 66 67 68 70 72 73 74
3 13 14 15 16 17 18 20 22 23 25 28 32 36 38 39 42 43 44 45 46 47 51 52 56 58 59 61 63 70 73 74 80
4 13 15 16 17 20 22 23 25 27 32 33 35 36 38 43 45 46 47 49 52 53 55 57 58 61 63 64 65 66 67 68 70 72 76 77 80
5 13 14 16 19 20 23 30 31 32 33 34 35 36 38 39 40 41 43 46 50 52 54 59 63 64 65 67 69 77 78 79 80
6 14 17 20 24 25 29 32 34 35 40 42 45 46 51 52 54 55 60 61 63 65 66 68 70 73
7 15 17 21 22 24 25 27 31 34 38 40 42 43 44 47 48 49 54 55 56 57 60 61 62 67 68 72 73 80
8 15 19 22 23 24 27 29 37 39 40 48 52 57 58 59 63 65 67 74 75 78
9 19 25 31 33 35 37 38 39 45 49 53 58 59 68 71 73 78
10 16 29 31 36 38 43 44 54 56 57 63 64 67 72 74 76 80
11 15 26 27 28 30 40 45 53 64 65 79
12 30 52
