77
30
0 31 32 40 42 45 47 49 50 51 52 54 55 56 62 64 67 68 69 74
1 31 33 37 38 40 42 44 47 48 49 50 51 54 55 56 65 67 68 69 76
2 30 31 32 33 35 37 38 40 42 45 46 47 49 50 51 53 54 55 59 70
3 30 31 32 37 38 40 42 45 46 47 48 49 51 54 55 56 58 59 64 65 67 68
4 30 31 32 33 35 38 40 42 43 46 47 48 50 51 52 54 55 56 57 58 62 64 65 68 69 71 72 73 74
5 31 35 38 42 44 45 47 48 50 51 52 56 62 64 65 66 69 74
6 32 38 42 43 44 46 47 48 49 50 51 52 54 55 60 62 65 66 67 68 70 76
7 31 32 35 38 40 43 46 49 50 51 54 60 61 64 68 69 71 73 74 76
8 31 32 33 35 36 38 39 40 42 44 45 47 50 53 54 56 60 61 65 67 68 69 70 72 73 74 76
9 32 33 35 37 38 39 40 42 43 45 46 49 50 51 52 54 55 56 62 65 66 68 69 72 76
10 30 31 38 40 42 44 47 48 49 51 52 54 55 56 64 67 68 69 73
11 30 31 33 36 37 38 40 42 45 46 47 49 51 52 54 55 56 58 61 68 73 74
12 30 31 32 34 38 42 43 44 45 49 55 56 62 66 74 75 76
13 31 32 37 38 40 42 50 52 55 56 58 61 62 72 73 75
14 33 38 43 44 48 49 50 51 52 59 62 65 68
15 32 35 38 40 41 42 43 44 47 49 54 55 56 58 66 67 68 73
16 30 32 33 35 37 40 43 46 48 49 50 53 59 60 66 67 68 69 70 73 76
17 30 33 40 42 45 47 48 49 50 60 69 71 73
18 31 37 38 40 43 45 50 54 58 59 66 68 71
19 30 35 37 42 43 46 47 55 56 62 66 67 69 70 74 76
20 30 33 37 41 42 43 44 46 49 54 58 59 64 69 71 74
21 34 35 36 37 44 46 49 51 58 61 64 70 71 73 75 76
22 33 37 38 46 48 52 53 54 62 65 69
23 30 31 36 43 45 46 48 50 53 59 69 72
24 32 60 67
25 31 41 51 54 55 63
26 36 37 39 41 42 53 56 57 65 66 71
27 57 70
28 53
29
