88
10
0 11 12 13 15 17 18 19 20 21 22 30 31 34 36 38 40 43 44 46 47 48 49 50 51 52 53 54 55 58 59 62 63 64 66 67 68 70 73 74 75 76 77 80 81 83 85 86 87
1 10 11 12 13 15 16 17 19 20 21 22 23 24 25 28 31 33 34 36 38 39 40 42 43 44 45 46 48 50 51 52 54 55 56 57 58 59 60 61 62 63 64 67 68 73 75 77 80 81 82 83 85 86
2 11 12 13 15 17 18 21 22 23 26 27 29 31 32 33 35 36 42 43 44 45 46 47 50 51 52 54 55 56 57 59 60 62 63 64 65 67 68 73 74 76 80 84 86
3 12 13 14 15 16 17 18 20 22 23 24 27 34 40 41 42 43 45 46 47 50 51 52 54 58 60 62 64 66 69 73 74 76 79 80 81 83
4 13 18 19 22 24 25 36 38 43 44 45 46 48 49 51 54 56 57 58 59 60 62 64 66 67 69 70 71 72 75 80 81 84 85 87
5 12 14 15 16 18 19 22 23 24 26 28 31 35 36 40 44 49 52 53 54 55 57 59 62 63 66 70 71 73 76 77 79 81 83
6 10 11 13 19 20 25 27 28 35 37 41 43 44 45 46 49 51 52 54 57 61 64 67 69 72 75 77 79 83 86
7 10 11 14 20 22 32 39 41 45 47 55 56 61 64 65 66 67 80 84 86
8 11 14 21 25 30 36 54 56 58 63 68 70 82 84
9 16 37 49 63 65 78
