77
23
0 23 24 27 29 30 33 34 37 38 39 41 42 44 48 49 51 52 53 57 58 60 62 64 65 69 70 73 75 76
1 24 29 34 37 38 40 41 44 46 47 48 49 50 52 53 58 60 61 64 65 66 70 71 72 74 76
2 23 24 25 27 33 40 41 43 44 48 49 50 53 57 58 60 62 63 70 74 75 76
3 24 25 26 27 34 35 36 37 38 40 42 43 44 48 49 51 52 53 57 58 60 62 63 64 65 69 75 76
4 23 28 33 34 35 40 41 42 44 46 48 49 51 52 53 58 59 60 62 63 65 70 73 75 76
5 23 29 32 35 36 40 41 43 44 47 49 53 59 60 61 62 63 64 65 69 70 76
6 23 24 25 29 30 32 33 35 36 38 40 41 42 44 48 49 51 53 57 63 70 73 74 75 76
7 27 29 34 35 38 40 48 50 51 52 55 57 58 59 61 62 72
8 23 24 25 27 29 31 35 38 40 41 46 49 51 52 53 57 58 60 63 65 69 70 73 74 75
9 24 27 29 31 33 35 38 40 43 44 46 49 51 53 58 60 62 66 70 72 75
10 26 27 29 33 34 35 36 41 42 44 45 48 50 51 52 53 54 60 62 70 72 73 74 75 76
11 26 27 29 31 33 41 42 43 44 50 52 53 54 57 58 59 60 63 68 69 70 72 74
12 24 25 31 39 41 42 44 45 46 47 48 49 51 52 53 56 57 61 62 63 65 67 71 73 75
13 29 31 35 37 43 45 48 50 58 62 63 64 72 73 74 75
14 23 30 34 38 41 42 45 52 54 57 61 63 65 69 75
15 35 39 46 48 49 50 54 57 58 63 64 65 72 74 76
16 23 35 41 42 44 51 54 58 59 60 61 62 65 70
17 34 38 40 50 52 58
18 30 35 37 39 44 47 58 62
19 24 27 28 36 42 45 49 56 62 63 69 71
20 23 43 47 55 60 67 76
21 38 55 58
22 64
