79
27
0 32 37 39 41 43 46 47 50 52 53 54 55 58 59 60 61 65 66 68 70 71 72 75 76 78
1 28 36 43 44 48 49 52 56 57 58 60 61 62 65 69 70 78
2 30 35 37 42 45 46 47 49 50 51 53 54 56 59 62 68 73 75 77 78
3 32 34 37 41 43 46 47 48 49 51 52 53 54 56 58 60 62 65 68 69 72 73 75 78
4 31 35 37 39 41 42 43 44 46 48 49 50 51 52 53 58 59 60 68 69 73 74 75 78
5 32 37 41 42 44 46 48 49 50 51 52 53 56 57 59 60 62 63 65 66 68 70 71 72 73 77 78
6 32 37 39 43 44 45 48 49 51 52 55 56 58 59 60 62 65 69 70 72 75 77 78
7 31 32 46 48 49 50 52 55 58 60 61 62 66 70 72 73 75 78
8 32 43 44 46 49 51 52 53 56 59 60 61 65 68 70 71 72 73 75 76
9 29 36 41 43 45 46 48 49 50 51 53 55 56 58 59 60 64 65 66 68 69 76 77
10 31 32 34 35 37 39 40 42 48 49 51 52 53 56 57 64 68 70 71 72 73 74 78
11 28 32 36 40 41 44 47 49 51 53 55 56 59 60 65 66 68 69 70 72 73 74 78
12 28 32 36 37 43 50 53 56 57 58 59 64 66 72 73 75 77 78
13 32 35 36 41 42 43 44 46 48 52 53 54 57 58 62 65 66 70 72 73 75
14 27 41 42 43 46 47 48 50 54 56 57 59 61 62 69 70 72 75 76 78
15 27 28 37 40 42 43 44 46 50 51 52 55 58 59 60 61 62 66 74 76
16 27 42 44 48 49 50 53 58 61 64 68 69 71 77
17 28 30 36 43 49 50 51 55 57 59 62 66 70 71 73
18 27 29 31 34 37 41 42 45 56 61 64 65 67 68 75 77 78
19 27 37 42 43 47 48 49 56 60 62 64 66 69 72
20 29 32 33 49 50 51 53 62 74 77 78
21 30 32 35 36 44 62 64 65 68 70 71 78
22 27 35 50 53 62 64 65 67
23 40 46 50 58 59 66 68
24 30 37 38 44 49 52 57 60 67 74
25 31 54 70
26 34 41 54
