96
12
0 13 14 16 19 20 21 22 24 26 27 28 29 30 36 39 40 41 44 47 48 49 51 52 54 56 58 59 61 62 63 64 65 66 67 72 73 75 76 77 78 80 81 82 83 85 86 87 88 89 90 94 95
1 12 13 14 16 19 20 24 25 26 29 30 36 38 41 47 48 49 51 52 53 54 56 61 62 63 64 66 72 73 75 76 79 80 82 83 85 86 87 88 89 90 92 95
2 12 13 15 16 21 22 24 28 29 30 34 36 38 41 44 45 48 49 51 52 54 55 56 59 62 63 64 66 67 69 70 72 73 74 75 76 78 82 84 85 86 87 89 90 92 95
3 12 13 16 18 19 20 21 24 26 27 32 35 36 38 39 47 48 49 51 54 55 56 61 64 65 66 68 70 72 75 76 81 82 83 84 85 88 89 90 93 94 95
4 13 14 15 19 25 26 30 34 37 41 42 44 47 49 51 52 55 57 59 61 62 65 66 67 73 76 77 81 82 84 86 88 89 95
5 12 14 15 16 19 22 23 24 25 27 31 32 34 37 38 43 44 45 46 47 49 53 55 57 62 63 64 65 67 68 71 72 73 74 79 81 82 83 86 90 92 95
6 12 18 19 20 22 27 29 36 38 39 41 46 47 48 51 52 54 55 56 58 59 65 66 70 73 75 77 79 83 86 87 88 93 95
7 20 29 34 39 42 47 49 53 54 55 57 61 64 67 68 71 75 77 80 81 82 84 89
8 22 26 27 28 38 40 41 45 48 50 51 52 54 56 58 60 66 68 69 77 85 87 88 92
9 17 23 25 27 28 30 31 33 36 37 52 53 56 59 67 69 74 79 85 87
10 13 23 26 33 45 52 58 70 85 86 87 93 94
11 36 38 39 81 91 92
