85
28
0 29 30 32 33 34 36 38 40 41 42 45 46 49 50 51 52 55 56 57 58 60 61 69 70 71 74 75 77 78 79 81
1 30 32 34 36 37 41 43 45 46 48 49 51 55 57 58 59 60 62 65 68 69 70 71 72 74 79 80 83
2 30 32 34 36 41 42 44 46 48 49 50 55 58 69 70 71 74 75 76 78 79 83
3 30 33 34 35 39 40 41 42 45 49 50 51 53 56 58 61 69 71 72 74 75 77 78 79 80 83
4 28 29 30 31 32 33 34 37 39 40 41 42 45 46 48 49 51 55 57 58 60 69 71 73 74 75 79 80 83
5 28 30 32 36 38 40 41 42 45 46 48 51 54 55 56 57 58 64 68 69 70 71 74 75 77 78 79 83
6 29 30 34 36 37 41 42 46 47 49 51 54 55 56 58 61 62 71 72 73 74 75 76 77 78 79 83
7 32 33 34 36 38 41 44 45 48 49 51 55 57 58 60 68 70 73 75 77 78 79 81 83
8 29 30 31 32 34 35 37 38 40 42 44 45 48 52 55 57 59 60 62 68 70 71 74 75 77 78 79 81 83
9 29 30 34 36 37 40 41 42 43 44 45 48 49 51 52 56 57 58 65 70 71 73 74 75 78 80 82
10 30 32 34 37 40 42 43 45 46 49 51 52 55 56 58 60 63 68 69 70 71 72 73 75 79 83
11 29 32 34 35 36 37 41 42 45 47 52 57 58 60 66 68 70 71 72 73 74 77 79
12 29 30 31 32 35 36 37 39 40 42 43 48 49 50 52 55 56 57 58 69 78 79 81
13 31 32 33 34 36 40 42 45 46 51 56 58 59 62 67 69 71 73 74 76 78 81 83
14 30 32 33 35 40 41 42 43 45 47 49 51 52 60 62 64 69 72 73 74 76 78 82
15 29 30 34 37 41 44 47 48 53 56 65 67 68 70 73 75 77 83
16 29 30 33 35 37 40 41 45 49 52 55 56 57 60 61 62 68 69 71 72 76 78 79 81 83
17 38 46 49 56 57 58 62 72 75 78
18 33 45 51 56 58 60 62 70 74 75 79
19 30 34 37 45 48 51 56 60 62 70 77 78 79 80
20 30 31 34 35 36 49 58 61 64 65 73 76 77 78
21 35 41 50 55 56 66 68 69 72 73 76 80
22 32 38 39 46 47 50 52 60 62 70 72 75 84
23 29 34 36 60 70 80 82
24 33 36 42 54 58 65 69 70 71
25 52 53 58 59 61 77
26 46 67 78 81 83
27 31 32 45 76
