82
17
0 18 19 20 21 22 23 24 26 27 29 30 31 35 36 38 39 42 44 45 48 50 51 55 56 57 58 59 66 68 70 71 73 74 75 77 78 81
1 18 23 24 25 26 31 35 36 41 42 48 49 50 51 56 57 58 59 61 64 67 68 70 71 72 73 74 75 77 79 81
2 18 19 20 23 24 26 27 28 29 34 35 36 38 39 46 50 51 53 56 58 59 61 64 68 71 72 74 77 79 81
3 18 19 23 26 27 31 35 36 41 42 44 46 48 49 50 51 53 55 57 58 59 60 62 63 64 66 67 71 72 73 74 75 77 79 80
4 18 19 20 23 24 25 27 28 31 32 35 36 38 42 46 48 49 50 51 53 54 57 58 59 62 67 68 70 71 72 75 76 77 79
5 18 21 23 25 26 27 28 31 32 34 36 42 46 48 49 52 55 56 57 58 64 65 67 68 70 71 72 74 79 80 81
6 18 20 21 22 23 24 29 30 32 38 42 44 50 51 57 58 60 62 63 64 67 68 70 72 73 74 77 79 81
7 19 20 22 24 25 27 31 38 40 42 46 47 49 50 57 58 59 60 64 65 67 68 72 73 74 76 79 81
8 17 18 19 21 23 25 26 27 28 31 32 35 38 39 40 42 48 55 56 71 75
9 21 22 23 24 25 26 27 29 30 32 36 38 39 43 46 48 50 51 53 56 58 59 67 70 77 81
10 22 25 27 30 31 35 42 44 46 49 50 53 55 56 64 69 70 74 75 81
11 17 20 22 24 31 34 42 46 49 50 54 57 60 62 69 73 74 75 77 79 80
12 21 26 27 32 34 53 55 57 58 68 75 77
13 17 19 21 35 38 39 44 50 51 58 59 66 68 72 78 81
14 25 27 28 33 77
15 22 33 37 45 49 73
16 57 63 65 66
