65
18
0 19 21 22 23 25 27 29 30 32 33 35 36 38 43 45 46 47 50 52 53 54 55 56 57 58 60 62 63
1 18 20 25 28 29 32 33 36 37 40 41 42 52 54 55 57 58 60 61 62 64
2 18 19 21 22 23 25 26 27 28 30 31 32 33 36 40 41 42 51 52 53 55 56 57 58 60 62
3 19 21 22 23 25 26 27 32 34 35 36 39 41 42 43 51 53 54 55 56 60 61 63
4 18 20 21 22 23 28 30 32 33 36 38 40 41 42 50 51 52 53 55 56 57 58 60 63 64
5 18 19 21 22 23 24 25 26 28 32 33 35 36 39 42 46 53 54 57 58 59 60 63 64
6 18 19 20 21 23 27 32 35 36 41 44 52 53 57 58 62 63
7 18 19 24 25 26 27 28 31 33 34 37 40 42 50 52 55 56 57 58
8 19 21 22 23 25 27 29 36 38 40 42 50 53 56 58 59 60 64
9 22 24 26 27 33 35 36 37 40 50 53 54 55 56 57 60 62
10 19 20 28 30 33 34 35 40 42 45 50 53 54 55 56 58 60 62
11 23 32 45 48 54 55 57 63
12 18 19 25 31 34 41 46 47 52 53 60 64
13 22 24 25 26 28 32 36 42 44 45 55 57 64
14 18 27 28 29 33 35 50 56 58 63
15 18 19 20 22 31 37 47 49 52
16 33 44 61 64
17 39
