97
15
0 16 17 18 19 20 21 22 25 27 28 30 31 32 34 37 38 39 41 43 47 48 52 55 57 58 59 60 61 64 68 70 73 74 78 80 81 83 85 88 89 91 95
1 15 19 20 23 26 27 29 30 38 39 40 43 47 48 49 52 58 59 60 61 64 65 67 70 73 74 75 76 78 79 81 83 85 87 89 92 94 95 96
2 16 17 18 20 21 22 26 27 28 29 32 34 37 38 39 43 48 52 54 55 56 57 59 60 61 64 65 66 67 68 70 74 75 76 78 80 81 82 83 85 87 89 91 94 95 96
3 15 16 17 18 19 20 21 22 28 29 32 36 38 39 43 45 47 48 51 52 53 54 57 58 64 65 68 69 73 74 75 76 79 83 85 86 87 89 91 92 94
4 17 18 19 21 22 24 27 28 30 31 33 34 41 42 43 45 47 51 52 58 59 62 65 67 70 72 74 78 79 80 81 83 88 89 91 92 94
5 15 18 20 21 22 24 26 32 33 34 36 37 38 39 43 45 51 52 56 57 58 60 61 63 64 65 68 70 73 78 83 85 88 91 95
6 15 17 18 20 21 22 24 26 27 28 32 33 34 37 41 43 48 51 56 57 58 59 60 61 63 64 65 67 68 70 73 74 76 77 78 80 81 88 91
7 16 17 20 24 27 31 32 41 44 45 46 48 55 56 57 61 67 74 75 76 77 79 80 81 85 87 88 89 90 91 94 95 96
8 15 16 26 27 30 31 32 33 37 47 51 59 61 63 64 68 69 70 73 75 76 79 80 95 96
9 17 24 27 37 40 42 49 52 54 57 60 64 65 67 68 70 72 82 85 87 89 92 95 96
10 21 24 27 33 34 42 46 47 48 49 56 58 63 65 67 71 75 77 79 81 83 85 90 92
11 17 19 22 29 31 37 42 45 47 48 50 54 55 59 63 68 69 71 77 81 91 93 96
12 29 31 33 35 36 37 38 41 51 53 57 58 74 78 80 83 94
13 15 28 56 76 77 81 84 88 91
14 17 18 32 60 67 71
