94
17
0 17 18 20 22 24 26 27 29 30 32 34 35 38 40 43 44 45 47 49 54 55 56 57 59 60 61 62 64 66 67 70 71 73 77 78 79 82 83 84 85 86 87 88 90 91 92
1 17 18 20 23 24 25 26 28 30 31 32 33 34 38 43 44 47 48 50 51 52 54 55 56 57 60 61 62 63 64 67 71 72 73 77 79 81 82 83 85 86 87 88 92
2 19 22 24 25 26 27 28 30 31 32 34 37 40 42 44 47 48 49 50 52 53 54 55 56 57 58 60 61 62 63 64 67 69 71 73 75 77 78 79 82 83 85 86 87 88 89 91 92
3 17 18 19 20 21 23 24 26 27 28 29 30 32 33 34 40 42 43 44 45 47 49 50 51 54 56 57 58 59 61 64 67 68 71 73 77 78 81 82 85 87 88 90 91 92 93
4 17 18 19 20 22 23 26 27 28 30 32 34 40 41 44 47 48 50 51 52 54 55 56 58 59 60 61 62 64 71 72 73 75 78 79 81 83 85 88 90 91 92 93
5 19 20 22 24 27 28 30 31 32 34 37 38 39 40 44 46 47 51 52 56 57 58 59 60 61 62 63 67 71 72 77 78 81 82 83 85 86 88 91 92 93
6 17 18 19 22 23 24 26 27 28 29 31 32 34 39 40 41 45 47 49 51 53 54 55 57 60 64 67 72 73 77 79 82 84 85 86 88 91 92 93
7 19 22 23 24 26 28 31 32 34 35 36 37 38 41 43 50 51 56 58 60 61 62 64 68 71 73 78 80 81 83 84 88 90 92
8 17 20 22 23 27 28 30 33 34 37 39 40 44 48 50 52 54 55 58 59 60 62 71 72 75 76 77 79 82 85 86 91 92
9 19 20 21 22 26 28 29 30 31 40 42 43 47 49 50 52 60 61 67 70 72 73 75 77 81 85 86 87 90 91
10 18 20 23 26 31 34 35 38 40 41 43 46 48 49 52 53 55 57 59 62 64 74 78 79 80 81 84 85 87
11 17 24 27 29 38 41 43 48 50 55 58 61 77 79 80 83 84 85 87 90 93
12 17 20 25 29 31 32 39 42 43 47 51 54 58 61 65 67 71 75 80 81 82 86 90
13 26 27 29 33 44 49 57 62 68 80 82 91
14 26 29 34 35 39 48 56 57 59 68 77 78 84 85 88
15 24 35 39 42 45 57 60 91 93
16 25 42 83 92
