70
15
0 16 17 18 19 23 24 25 28 29 33 34 37 42 43 48 52 53 56 57 58 61 63 66 68 69
1 15 17 18 21 23 24 26 28 29 32 34 36 37 40 42 43 44 45 48 49 55 57 59 60 61 62 63 68 69
2 16 18 19 24 25 29 31 34 35 37 39 40 41 42 43 44 45 49 52 53 54 55 57 60 61 62 63 64 68 69
3 15 17 18 19 21 24 28 29 32 33 34 37 42 47 48 49 52 54 55 57 60 62 63 64 66
4 15 18 19 24 25 26 28 29 31 32 34 36 40 44 46 52 53 55 56 59 60 61 62 63 64 66 68 69
5 16 18 25 26 27 28 29 33 34 40 42 44 45 46 47 48 53 57 61 66 68 69
6 15 16 17 18 21 23 24 25 26 29 31 35 37 38 43 48 49 54 56 59 61 63 64
7 16 18 20 23 28 35 36 37 39 42 45 49 50 52 53 56 59 61 66 69
8 17 18 22 23 26 28 29 31 33 34 37 40 42 43 47 49 56 59 61
9 20 24 25 26 28 31 32 33 34 39 43 45 47 48 49 59 61 64 67 69
10 19 24 28 33 35 38 44 45 46 51 53 57 59 64
11 20 24 25 29 34 36 39 42 46 51 56 57 62 63 67 69
12 16 19 26 39 50 53 54 58 67 68
13 15 30 33 40 56 59
14 38 65
