92
22
0 23 25 26 28 32 33 35 38 40 43 45 46 47 48 51 52 56 58 60 61 62 64 66 74 76 77 78 80 82 83 85 86 88 90
1 23 25 26 31 34 37 38 41 48 49 51 52 54 58 60 61 62 63 64 66 67 69 70 72 74 75 77 78 80 82 86 89 90 91
2 25 26 27 28 30 31 32 33 35 39 40 46 47 51 52 53 54 55 57 58 59 61 62 63 64 66 70 72 74 78 80 82 88 90 91
3 25 26 30 31 32 38 40 41 43 46 48 51 53 55 56 60 62 64 66 69 70 72 75 76 77 78 79 80 82 84 86 88 91
4 23 24 25 31 32 34 35 40 41 46 47 48 51 52 53 55 58 59 61 62 64 65 66 69 70 74 75 77 80 81 82 85 87 90
5 27 28 32 33 34 35 40 43 44 46 47 48 49 51 52 53 58 59 60 61 62 63 64 66 69 71 74 75 76 77 78 79 81 85 86 88
6 26 28 32 36 37 38 39 46 47 50 51 54 61 62 63 65 66 73 74 75 77 80 81 82 84 85 86
7 23 25 28 30 31 32 37 38 40 42 43 48 51 52 53 58 59 60 61 66 69 75 77 78 82 83 84 86 90 91
8 23 28 30 31 33 35 43 46 51 55 56 59 61 64 68 70 71 74 77 78 81 82 91
9 27 28 29 31 33 35 39 43 47 48 49 51 52 54 55 56 61 62 69 70 71 74 75 77 79 80 82 83 84 86
10 23 25 33 34 38 39 40 44 51 52 54 55 61 62 63 64 66 67 69 73 74 78 80 81 82 83 84 89
11 22 24 26 28 31 35 39 43 47 51 54 55 62 63 66 69 70 71 73 74 76 77 79 81 82 86 90 91
12 22 23 25 26 28 31 33 35 38 39 40 42 44 46 48 50 53 58 62 64 65 70 73 80 84 85
13 22 23 28 30 34 40 43 47 48 49 52 56 57 59 60 61 62 69 72 73 78 79 83 84 88
14 24 26 35 43 44 47 50 51 53 60 62 69 70 75 78 82 84 85 86
15 22 23 24 26 34 37 38 40 43 44 46 48 50 52 53 56 59 64 67 70 75 81 85 86 90 91
16 29 34 38 41 42 44 55 61 63 66 68 71 84 88
17 24 27 33 45 50 52 58 64 65 72 73 75 76 79 82 83
18 24 27 30 33 34 35 37 39 41 44 59 61 67 71 72 78 79 83 91
19 31 32 40 52 56 61 67 68 73 78 80 86
20 23 31 45 70
21 40
