74
19
0 20 21 22 23 25 28 29 31 35 36 39 42 43 44 45 46 48 49 50 53 60 62 63 65 66 67 71 73
1 20 21 22 23 25 27 30 31 32 34 37 42 44 45 46 47 48 49 53 54 55 56 61 62 63 65 67 70 71
2 20 21 22 23 25 26 27 29 30 31 43 44 45 46 48 49 56 57 62 65 66 67 70 71 73
3 20 21 22 23 24 25 26 27 29 31 32 35 37 39 42 43 45 48 49 53 60 62 63 65 67 70
4 19 21 23 25 26 27 29 31 34 35 36 39 40 43 44 46 47 49 53 54 57 59 62 65 66 67 68 70 71 73
5 22 23 25 26 27 29 32 36 39 42 44 45 46 48 49 52 53 54 62 63 66 70
6 25 27 28 29 30 31 34 35 36 44 45 46 47 56 61 63 65 66 69 71 72
7 22 23 25 26 29 31 32 34 35 42 43 46 47 54 65 66 71 73
8 21 22 23 26 27 28 29 30 31 32 34 36 39 42 47 48 49 50 53 62 63 64 65 68 70 73
9 21 22 26 29 36 38 39 43 45 53 56 61 62 63 65 66 70 72
10 20 26 31 34 35 36 43 44 46 47 48 49 50 52 53 57 62 67 71 73
11 21 23 27 29 32 36 41 45 47 51 56 57 61 71
12 20 26 38 43 47 48 49 53 54 60 62 66 70 73
13 20 21 27 28 33 39 42 48 49 51 53 57 60 63 65 68 73
14 22 30 31 34 36 38 41 42 44 46 55 69
15 19 25 35 43 46 51 56 60 68 72
16 22 23 28 31 39 40 44 50 51 61 69
17 55 58 61 63
18 40 48
