89
14
0 19 20 21 25 26 27 28 31 32 33 34 35 37 39 41 43 44 45 46 47 48 49 50 51 54 55 56 58 61 62 64 65 67 70 73 75 78 79 81 84 85 86 87
1 14 15 21 22 25 26 28 33 34 36 38 39 43 46 49 54 56 58 60 61 64 65 67 69 70 73 75 76 77 78 79 80 82 84 85 86
2 14 15 17 19 21 22 23 24 25 26 27 28 29 35 36 39 40 43 44 45 46 48 49 50 51 53 54 56 61 65 70 72 73 76 78 79 81 82 83 84 85 86
3 15 21 24 25 27 28 29 30 33 35 36 37 40 41 42 46 48 50 53 56 60 61 62 64 67 69 70 73 75 76 78 79 80 81 84 85 86 88
4 14 15 16 20 21 25 26 29 31 33 34 35 36 39 40 43 44 46 48 49 50 51 53 58 60 64 67 70 78 82 83 84 85 87
5 15 19 20 21 25 26 27 28 30 31 33 34 35 36 43 44 45 48 50 51 53 54 56 57 61 65 67 70 72 73 77 78 79 81
6 15 16 17 20 21 22 23 26 27 28 29 31 35 37 38 44 45 48 51 52 53 54 55 56 58 60 62 64 65 66 71 72 73 74 75 78 79 82 85 86
7 18 20 22 24 25 30 33 36 39 44 46 47 48 50 53 54 58 62 64 66 72 76 80 85
8 19 20 22 24 25 26 27 33 35 36 38 39 43 47 48 49 56 60 66 68 70 72 74 78 79 82 84 86
9 16 19 20 24 30 49 50 52 55 61 64 65 66 78 82 83 84
10 14 15 16 17 22 27 28 32 34 40 41 43 44 47 49 50 52 57 59 63 64 67 75 79 80
11 40 47 56 57 58 60 61 75 77 85
12 30 31 37 59 61 65 67 72
13 15 19 62 69 70 81 85
