98
16
0 16 17 18 20 21 24 31 34 35 36 37 38 39 46 47 48 49 50 51 52 53 56 57 58 60 61 63 67 68 70 71 77 79 81 83 84 85 86 87 88 89 90 93 97
1 16 20 21 22 23 24 25 27 31 32 34 35 37 40 42 44 45 46 50 51 53 56 57 60 64 67 68 69 71 72 76 78 79 80 81 82 83 84 85 88 90 92 93 97
2 16 17 19 21 23 24 26 28 29 31 32 35 36 37 38 40 45 48 50 51 52 56 58 62 63 66 67 68 70 79 81 82 85 88 89 92 93 95 97
3 16 19 24 25 26 27 28 31 32 34 38 42 43 44 46 47 48 49 50 51 53 55 56 57 58 63 67 68 71 72 74 79 83 84 85 86 88 89 93 95 96
4 16 17 20 21 24 25 26 27 28 30 31 32 34 35 37 42 43 49 50 51 52 53 54 56 57 58 61 63 66 67 68 69 70 73 76 80 81 82 83 84 85 88 89 93 96
5 16 17 18 21 23 24 25 26 27 28 32 33 34 37 38 44 46 49 51 52 55 57 62 63 64 68 70 71 72 77 78 80 81 82 83 84 85 89 90 93 94 95 96 97
6 19 21 26 28 30 31 32 35 40 41 42 46 51 52 54 56 66 67 68 70 76 79 80 81 82 84 86 88 89 91 95 97
7 19 21 23 24 28 37 38 39 40 41 42 43 48 49 50 57 58 60 63 65 68 74 78 79 80 81 82 85 88 89 90 95 97
8 19 20 23 24 28 30 31 34 36 37 43 45 48 49 55 56 57 60 63 64 66 68 72 74 78 80 83 93 95
9 19 22 23 27 30 38 47 49 50 52 53 54 59 60 64 66 74 76 79 82 85 86 88 90 92 93 95
10 21 22 24 32 33 35 42 43 46 51 53 59 61 63 66 67 76 77 84 89 97
11 19 27 29 33 35 39 42 48 50 54 58 60 61 71 74 75 78 83 92
12 17 18 27 31 38 39 47 48 49 51 53 61 62 77 80 81 93 94 96 97
13 25 29 33 35 38 46 53 55 57 60 76 77 84 85 90 95 97
14 21 37 45 49 52 65 69 71 96
15 17 22 25 32 34 41 48 55 66 70 75
