83
20
0 25 29 32 34 35 36 37 38 39 42 46 47 48 50 56 62 63 64 67 73 77 80 81 82
1 20 25 26 29 33 34 35 36 39 42 46 48 50 51 62 63 64 67 68 73 77 79 80 81 82
2 20 25 26 29 32 33 35 39 46 47 48 56 57 63 64 67 73 75 76 79 80
3 20 21 24 25 26 27 29 31 32 36 38 39 46 47 49 56 57 61 62 64 66 71 76 77 78 81 82
4 20 25 30 33 34 35 36 38 39 40 44 46 47 48 54 56 59 62 64 65 67 75 77 78 80 81
5 21 22 26 27 29 31 32 33 34 35 36 38 39 46 47 48 57 61 62 64 66 67 68 75 76 80
6 23 26 30 32 33 34 35 38 46 47 48 49 52 56 57 59 61 62 66 68 69 76 77 78 79 80 82
7 20 21 29 30 33 34 36 38 44 46 51 56 64 68 70 73 74 75 76 79 80
8 22 23 27 29 33 34 35 36 39 40 41 46 48 50 55 56 57 59 62 63 64 66 70 71 74 77 80 81 82
9 20 25 29 32 34 35 36 37 38 40 44 46 47 48 51 52 57 59 62 67 68 71 73 82
10 20 21 23 25 26 28 29 32 36 37 48 51 57 59 62 63 64 66 72 73 76 81 82
11 21 24 27 30 31 35 37 44 46 47 48 51 58 59 64 66 71 74 75 77 78
12 21 22 32 35 36 39 51 52 54 57 58 64 68 71 74 81
13 24 30 31 34 37 38 39 43 45 47 48 51 53 55 56 57 59 62 70 72 74 78
14 22 26 33 34 35 36 47 49 50 59 67 68 70 71 72 75 76 77 80 82
15 24 25 27 29 30 38 39 47 49 50 56 59 61 66 70 73
16 25 27 37 38 39 43 52 53 56 62 67 68 72 77
17 24 29 44 64 76
18 26 58 65 73
19 33 60 62 74 81
