62
19
0 19 21 22 23 27 28 29 31 32 34 40 41 42 43 44 45 47 48 51 52 54 55 56 57 59 60 61
1 20 21 22 23 27 28 29 30 31 34 36 38 41 43 47 49 51 52 54 55 57 61
2 19 20 21 24 27 29 32 40 41 44 47 51 54
3 20 22 23 25 27 28 29 31 32 40 41 42 44 51 52 56 60
4 21 22 27 28 29 30 31 34 36 39 40 41 42 47 51 52 54 55 57 60
5 20 22 23 24 27 29 30 31 34 36 40 41 42 44 47 48 50 52 54 59 60 61
6 19 20 22 23 28 31 39 40 41 45 47 52 54 57 59
7 19 20 22 23 28 29 32 34 36 38 40 41 42 44 47 51 54 56 59 60 61
8 21 23 27 28 31 33 34 36 38 39 42 44 47 50 51 52 54 57 60 61
9 19 20 21 22 27 28 32 38 40 42 43 46 47 49 51 57 58 60 61
10 22 27 30 34 35 36 42 44 47 50 53 55 57 61
11 21 23 26 28 34 38 39 43 51 54 59
12 20 29 30 32 34 35 36 37 38 42 43 44 51 52 59
13 27 54 61
14 25 30 36 40 47 49 51 54
15 20 23 29 35 39 40 41 57 58
16 22 30 55
17 29 31 33 44 52
18 23
