82
21
0 21 23 24 26 28 29 33 34 35 37 38 39 40 43 48 49 50 53 56 62 64 66 69 70 71 72 73 76 78 79
1 22 24 26 30 31 38 39 40 47 48 51 53 55 62 64 66 67 69 70 71 73 76
2 21 23 24 25 26 28 30 34 35 36 37 38 39 40 42 43 48 49 50 51 55 60 61 62 63 64 65 66 69 70 71 75 76 78 81
3 21 23 24 26 28 30 31 34 35 37 38 39 48 50 51 53 55 56 62 64 65 66 67 69 70 71 72 75 76
4 21 22 23 24 26 28 29 34 35 37 39 40 46 47 49 50 51 52 55 60 62 63 64 65 66 67 69 70 71 73 75 78 81
5 21 22 23 24 26 33 34 35 37 38 39 40 42 43 47 48 50 52 53 56 61 64 66 67 69 72 75
6 21 23 24 26 30 31 39 40 42 43 46 48 49 51 52 53 54 55 64 65 67 70 71 72 78 80 81
7 21 22 23 24 26 30 33 34 35 36 37 38 40 49 50 53 56 60 61 62 63 65 66 67 69 70 71 72 73 75 76 79 81
8 21 22 23 24 26 28 30 33 34 40 43 48 51 55 56 59 61 66 69 70 72 73 78 81
9 23 24 26 28 30 31 33 35 38 39 40 44 45 49 50 54 55 62 64 65 66 72 77 79 80 81
10 21 25 28 31 34 35 48 52 53 55 56 63 65 66 67 71 73 76 78
11 22 28 30 31 38 39 50 51 53 55 62 63 67 68 70 75 76 77 78 79 80 81
12 21 23 24 28 31 35 37 42 49 51 52 58 60 63 64 69 73 80
13 21 22 24 26 28 35 39 47 49 50 53 64 69 71 72 74 76 77 79
14 21 23 24 26 27 33 34 38 39 46 49 52 53 57 62 64 71 73 76 77 78
15 30 31 32 35 37 40 43 45 48 51 54 56 57 59 60 66 68
16 21 38 44 48 55 57 65 68 71 72 73 79 80
17 25 28 30 38 39 40 47 50 55 61 67 70 75 76 80
18 27 42 49 51 56 61 66 77 80
19 21 24 30 56 58 67 78 79
20 31 41 76 81
