78
24
0 24 27 28 29 31 32 33 35 36 37 38 42 43 44 45 47 50 51 53 54 55 59 60 65 67 69 70 72 74 77
1 24 25 27 28 29 30 32 33 35 37 38 40 42 45 48 49 50 51 52 53 54 55 59 64 66 67 68 69 72 74 75
2 26 28 29 31 32 37 38 42 45 48 49 50 51 53 54 56 59 60 63 68 69 75 77
3 24 28 32 33 35 36 37 39 43 45 47 49 50 51 57 60 62 64 67 73
4 27 28 30 32 33 35 38 39 42 44 45 47 48 49 50 51 52 53 54 55 56 64 65 66 69 70 71 74
5 24 25 28 30 32 33 35 36 37 38 40 45 50 51 52 58 59 61 63 68 70 71 72
6 24 25 26 28 29 32 33 35 36 39 42 44 47 49 52 53 54 55 56 59 61 63 64 65 71 74 76
7 25 27 28 29 33 35 38 43 44 46 47 48 50 52 53 55 58 64 65 68 70 72 74
8 24 25 27 28 32 33 36 38 39 42 43 47 49 50 53 54 55 56 59 64 65 66 69
9 24 29 30 32 35 38 43 48 49 51 52 53 54 56 57 59 64 66 69 72 74 76
10 24 29 31 33 36 45 47 49 51 53 54 55 59 61 65 68 69 71 74 77
11 27 28 33 35 37 38 42 43 46 48 49 50 51 52 54 55 59 61 66 67 71 74 75
12 26 28 33 35 36 37 40 42 43 45 47 48 49 51 54 63 67 69 70 71 74
13 24 25 26 29 32 33 35 36 37 44 45 50 53 55 56 62 64 67 69 71 72 75 76
14 27 32 37 40 42 45 53 56 59 63 66 67 70 75
15 25 27 29 31 35 40 41 48 49 54 57 59 62 67 71 75 76
16 25 28 34 38 41 45 48 52 54 55 65 77
17 28 31 38 39 40 44 45 47 52 53 57 60 66 72 73 77
18 33 35 36 40 44 49 50 53 54 56 57 59 63 64 65 69 74 77
19 24 27 37 38 50 52 57 66 72
20 24 28 30 33 36 41 47 51 73
21 48 66
22 24 35 40 58 76
23 39 41 74 77
