69
17
0 18 20 21 23 24 25 29 30 31 32 37 42 44 45 48 49 51 54 55 58 60 61 62 63 67 68
1 17 18 20 21 22 23 24 25 26 29 30 31 32 35 37 45 47 48 51 53 54 55 58 61 63 64 67 68
2 20 21 23 24 25 26 29 32 34 35 37 39 40 42 44 45 47 48 50 51 52 53 54 60 68
3 18 20 21 22 23 25 26 29 30 31 32 34 35 37 40 42 43 44 45 47 49 50 51 53 63 64 65 67 68
4 18 22 23 24 25 26 29 32 37 38 39 41 42 45 46 48 50 53 54 55 58 60 61 62 63 64 68
5 18 20 22 23 24 25 29 31 32 33 42 44 45 46 48 54 55 57 60 62 67
6 18 21 22 23 24 25 29 30 32 35 37 39 41 42 48 51 53 55 58 62 64 67 68
7 19 20 22 25 29 30 31 33 42 44 45 48 50 51 52 53 54 55 56 58 59 62 63 64 67 68
8 27 28 29 31 34 35 39 42 48 50 51 53 54 60 61 63 65 67 68
9 23 36 37 41 46 47 49 52 54 55 56 58 61 67
10 18 21 22 25 28 30 31 41 42 47 50 53 54 56 57 58 60 63 67
11 24 26 35 37 38 41 46 48 49 52 53 60 64
12 20 24 27 30 31 33 38 42 43 44 46 51 54 57 63 64 66 67
13 19 28 34 35 39 49 50 61 64
14 20 21 25 32 33 50 65
15 25 26 28 35 42 43
16 29 37 52 68
