28
27
24 11 9 5 2 8 27 12 14 23 18 1 26
23 22 4 9 11 24 7 21 25 10 15 26 17 14
10 9 1 4 23 26 11 6 13 15 3 19 24 12 25 0 20
8 22 26 5 16 1 12 3 6 0 17 27 18 7 19 11 23
14 16 3
4 15 13 19 22 26 6 5 11 12 27 8 0 18 24 17 9 21 3 16 1 20 25 23 2 14 7
8 1 10 13 16 19 4 7 15 18 25 3 5 26 22 17
18 16 14 19 17 10 5 4 26 25 12 15 20 8 27 13 21
10 3 16 23 9 13 19 5 22 27 2 14 4 25 8 7 17 1 20 26 18 15 0 6 21 24 12
22 3 24 12 10 26 8 13 0 23 6 4 27 14 18 9 1 15 20
8 12 25 22 27 21 6 19 1 10 4 17 23 0 11 16 3
2 6 17 24 7 19 26 14 25 5 23 18 1 4 27 0 11 12 9 13
13 9 22
18 14 10 17 19 15 6 27 0 1 5 11 8 20 2 13 26
5 25 12 26 1 23 7
7 0 19 22 17 27 11 2 5 24
15 0 13 18 2 9 7 26 5 24 16 21 25 11 1 27
1 3 2 18 17 19 5 27
17 25 14 7 0 18 4 6 22 27 26
16 3 17 5 0 24 2 21 14 6 9 22 20 23 11 27 4 26 25 10 12 7 13 15 18 8 1
11 14 3 13 1 27 19 2 4 16
14 24 16 21 13 8 23 11 18 22 12 4 5 2 1 25 0 17 15 9 20 6 10 19 26 27
1 27 21 17 19 3 12 11 7 9 18
22 0 11 26 19 21
0 24 27 7 11 9 12 15 13 6 4 14 16 3 2 22 1 23 19 25 8 21 5 20 18 26
25 20 14 24 19 10 13 8 22 23 1 16 15 7 3
22 7 2 24 4 1 5 27 18 23
