27
22
2 25 5 1 16 7 23 14 0 24 12 26 22 11 15 19 13 20 17 6 21 3 8 10 18 9
1 22 19 12 11 0 13 4 10 16 8 3 20 5 17 23 14 26 2 7
11 20 16 13 26 25 8 24 23 12 9 5 22 10
18 6 11 26 24 12 7 4 5 8 20 1 9 15 13 25 19 17 2 10 14 3 16
12 16 13 3 22 0 26 5 4 9 21 14 25 24 1
0 3 14 11 2 10
6 23 5 13 16 17 21 19 20
6 13 12 0 25 15 9 1 5 14 7 10 19 26 23 20 22 2 21 16 3 4 24 18
24 6 15 10 0 14 4 8 7 11 25 21 9 16 1 13 22 2 26 3 12 5
24 7 20 18 14 0 5 19 3 16 17 2 21 26 25 23 11 6
0 8 3 4 12 14 1 13 22 5 9 21 18 25 17 20 6 10 24 16 7 2 19 26 11
9 7 13 21 0 8 23 10 26 11 20 3 12 6 17 18 15 19 25
25 3 6 2 9 23 18 21 17 16 26 15 7 24 14 1 13 22 20 0 19 12 5 11 4
25 22 13 26 14 12 23 20 4 10 2 3 5 21 8 11 1 17 0 18 15 7 19 6
19 12 16 0 1 23 8 25 11 24 21 6 17 2 9 20 13 18 4 26 10 15 3 14
21 16 23 13 8 19 4 7 2 24 1 9
5 18 22 7 20 26 12 3 10 15 16 23 0 11 9 4 8 1 14 25 19 6 13 17
2 6 17 26 15 5 8 14 18 13
3 8 26 4 7 9 12 1 10 20 13 11 22 2 23
19 10 6 26 11 9 23 17 20 24 3 21 7 8 5 13 22 25 0 1 2 12 16 14
4 5 18 21 25 22 23 17 8 12 1 9 14 2 19 10 7 11 6 26 15 20 24 3
23 9 22 26 19 20 10 16 24 2
