24
19
21 12 5 1 4 7 9 13 23 6 15 11 22 10
8 9
23 22 3 11 19 13 9 16 1
0 11 7 17 16 2 13 6 10 5 18
13 10 12 1 6 18 11 23
19 14 4 18 22 16 9 12 0 1 23 17 7 3 20 6 21 11 10 15 5 2
19 23 0 17 10 9 2 5 4 3
20 6 16 18 14 8 22 3 11 12 4 9 17
4 9 15 18 7 1 22 2 13 11 20 5 19
6 0 13 19 15
21 7 12 19 3 13 6 5 15 17 20 22 10 11 9 14 1 18 4 23 0 2 16
7 21 20 12 22 4 14 2 0 17
12 3 17 13 9 5 23 19 7 1
17 12 5 15 4 14 2 6 3 22 11 13
17 23 4 22 6 21 9 1 20 12 16 2 5 0 10 18 13 8 3
8 20 23 12 6 15 21 14 13 9 22 17 18 7 16 1 4 5 2 3 11 19 0
22 9 0 14 19 16 12 18 1 23 8 20 21 11 10 7 2 13 5 6
23 5 15 6 3 10 0 7 20 11 16 13 2 17 22
15 7 21 22 20 3 16 19 2 23 5 14 18 9 4 13 6 17 1 12 0 10
