30
28
16 22 6 19 9 12 28 23 14 26 13 4 27 15
5 21 12 16 29 18 25 4 14 8 7 9
12 3 28 18 14 0 21 8 1 19 4 16 27 2 13
17 27 26 3
14 13 28 23 29 2 7 17 9 5 26 11 0 27 16 19
9 1 7 6 4 5 3 15 0 2 22 24 21 20 16 11 27 29
5 3 19 12 22 2 28 24 18 20 14 29 13 11 0 17 25 26 7 8 9 23 10 27 1 16 21 15 6
6 7 28 17 13 14 21 20 15 2 4 10 12 23 16 0
6 18 29 1
7 15 20 19 8 21 18 6 0 9 5 3 4 16 12 1 29
17 27 12
11 4 5 29 14 23 10 24
1 18 19 3 21 29 27 20 8 26 4 22 0 11 13 28
28 5 9 6 7 0 4 8 2 1 16 26 14 19 22 27 25 11 13 17 21 10 18 12 23 20 24
28
26 23 25 7 5 21 3 16 9 0 13 14 1 19 18 4 12 27 8 10 28 29 6 2
24 20 4 19 17 8 3 7 2
4 17 29 0 9 26 21 8
6 0 5 3 25 17 14 7 27 23 20 28 29 18 22 1 11 4 26 24 15 16 9 8 19 12 2
11 16 10
18 0 27 2 4 21 25 17 8 13 12 10 16 9 5 28
29 25 22 20 9 26
15 21 28 8 10 14 9 17
10 13 4 8 29 22 24 27 18 5 9 20 3 11 28 19 14 7 1 26 12 17 16 23 2
11 9 4 14 17 3 26 20 1 28 12 0 7 6 15 2 10 22 19 24 29 8 25 13 27 21
10 14 6 18
20 25 12 1 5 11 15 24 7 21 6 26 17 27 29
0 10 13 4 29 17 9 15
