27
25
13 1 9 11 12 23 15 3 10 17 6 20 16 21 0 4 24 2 5 19 8 7 22 18 25 26 14
25 0 8 2 13 3 15 21 23 18 24 26 20 10 7 9 1 17 19 16 6 5 4 14
8 22 11 14 25 21 15 0 17 4 9 5 3 6 13 7 10 12 1 2 16 24 23 26 18
23 0 2 14 20 25 19 5 4 8
7 25 22 5 14
25 5 8 26 3 22 13 11 16 1 9 15
0 11 22 16 4 18 8 17 26 14 25 2 10 9 12 1 3 6 5 24 13 15 21 7 20 19 23
12 8
12 11 21 25 8 7 14 2 13 26 6 22 19 24 1 18 15
22 11 7 13 3 19 21 16 17 1 20 25 5 4 15 26 10 14 12 8
19 14 12 23
18 17
25 9 26 4 10 15 5 11 17 23 7 24 6 1 3 19 18 13 12 16 21 2 8 22 14 0 20
17 3 23 4 16
22 4 19 10 16 12 20 3
23 13 19 17 11 9 14 6 5 1 3 18 2 8 22 4 10 24 26
2 19 13 0 1 6 4 12 22 5 8
5 23 24 17 12 2 25 0 15 20 9 1 18 16 14 26 22 6 8
21 19 14 4 0 18 16 9 8 5 13 6 25 12 11 7 10 1 22 2 24 26
8 9 13 7 11 15 2 12 18 21 10 25 14 4 22 20 23 6 17 19 3 1 24
2 7 8 12 18 26
15 8 0 23 25 6 21 13 10 7 22 4 20 26 12 14 16 24 1 11 5 19 17 2 3
1 5 11 2 3 4 16 14 25 12 10 0
0 23 4 11 5 20 14 15 7 18 16 19 8 10
14
