26
20
22 19 13 18 14 7 21 11 5 9 0 3 24 20 1 4 6 8 12 25 17
16 5 11 4 19 1 25 12 21 0 15 6 18 13 8 20 23 10 3 2 7 9 17 14 22
1 0 21 23 5 25 18 4 24 7 10 9 13 16 19 14 20 15 2 11 17 3 12 22
10 22 20 16 23 8 18 9 4 14 0 3 13 17
1 22 2 18 9 24 10 11 21 7 12 4 15 13 14 5
13 24 10 19 1 23 9 2 18 14 22 4 0 17 11 6 3 25 16 15 8 5 21 7
1
6 19 23 9 25 1 17 12 4 3 21 24 20 8
17 15 9 12 4 22 16 25 23 8 10 19 11 7 5 24 3
1 12 5 9 22 4 24 2 8 10 11 3 13 25 20 0 19 16 17 15
5 22 8 21 12 23 4 13 6 2 7 19 1 25 14 15 10 18 3 17 0
9 18 20 5 12 24 14 17 22 7 19 25 16 10 21 3
9 7 18 15 25 2 0 10 4 3 13 17 12
9 24 17 16 12 14 1 5 10 6 23 15 7 21 25 2 3 20 13 22 8
23 13 14 5 17 10 1 9 16 0 8 2 3 22 11 6 4 15 19 7 25 20 21 18 24
8 0 24 14 25 12 4 7 9 20
11 1 4 3 9 24 17 5 0 20 23
6 20 3 22 25 18 11
12 6 1 14 23 3 10 15 2
12 0 10 19
