29
23
8 25 28
2 17
4 11 17 21 8 9 15 18 1 5 0 26 13 10 7 23 27 19 2 28 14 3 6
20 2 28 25 11 27 6 5 21 22 3 13 12 9 0 14 1 4
12 19 24 9 23 1 5 2 15 3 18 11 4 13 28 27 7 10 20 6 0 26 22 8 17 14
8 16 14 19 28 7 4 18 26 24 20 2 23 6 25 17 1 3 12 0 5 13 11
2 12 27 22 14 24 20 21 17 6 26 11 28 8 15 0 23 16 1 3 10 5 19 25 7
19 27 2 3 20 23
19 15 16 9 11 2 3
26 13 16 9 10 2
20 13 12 2 9 14 7 10 27 19 1 18 8 5 25 23 17 16 0 6 11 28
18 14 19 7 8
27 16 18 4 13 23 11 26 10 17 28 6 8 25 7 15 24 3 21 19 22 2 1 20 0 9 5 12
10 23 17 20 13 7 22 6 14 16 24 26 4 8 1 18 5 19 9 28 3 2 12 25
1 17 12 22 4 7 21 0 5 3 26 14 19 27 18 16 9 13 23 2 28 20 25 6 10 24
21 13 15 5 11 26 24 10 20 7 16 6 9 0 25 2 8 12
17 21 20 9 28
20 17 28 10 16 8 11 9 18 27 14 15 25 7 12 23 6 24 2 21 1 4
1 15 0 22
23 4 3 25 1 5 16 14 20 9 26 2 6 28 7 24 19 0 12 17 13 22 21
23 7 22 2 6 17 12 16 27 25 24 13 5 8 20 28 10 0 11 19 26
27 11 22 7 18 4 15 10
21 0 11 1 15 9 19 7 28 10 25 8 20 27 5 6 14 24 18 2 4 23 16 26 3 13 22 17 12
