30
25
5 25 21 20 27 15 7 17 3 4 2 23
29 1 9 20 26 3 4 22 0 25 11 6 28 12 17 19 10 23 18 13 24 7 15 14 16 8 27 21 2
25 17 19 5 9 10 15 8 28 14 21 18 2 29 11 16 27 4 22 26 23 3 7 6 0 20 12 24 1
6 12 9 2 0 23 15 25 1 10 26
29 25 5 21 6 9
18 4 1 20 19 0 11 25 27
2 16 5 11 1 21 27 24 8 19 9 10 12 0 29 22 4 17
7 12 23 26 13
17 27 13 24 16 0 20 3 14
10 22 29 14 16 2 21 9 11 8 23 5 27 13 26 1 19 18
27 14 11 18 23 5 2 28 21 4 6 1 8 9 26
28 16 1 12 4 0 14 26 2 13 6 8 11 7 3 18 10 9 15 19 17 25
22 12 17 9 16 3 8 4 18 10 5 19 11 1 13 15 28 0 23 24 14 2 29 25 21 6 27 26 7 20
17 5 18 8 0 15 22 27 23 20 6 16 26 3 14 21 7 28 19 4 2 13
17 20 14 29 21
8 13 1 14 19 20 9 24 25 6 27 5 4 16
26 4 15 1 16 0 13 19 2 12 27 18 28 5 29 20 14 17 25 10 9 7 6 8
15 8 28 13 20 25 29 27 23 21
12 4 14 15 21 29 20 10 5 22
15 0 20 7 23 4 22 10 8 21 11 18 29 12 25 28 17 13 2 6
27 16 1 24 15 13 2 3 9 14 23 26 17 19 6 25 0
9 27 16 21 7 15 19
23 19 13 29 14 16 1 3 18 11 20 9 5 22
7 28 6 17 21 12 22 15 2 19 8 25 11 0 4 10 18 5 3 24 14 13 20
10 29 5 23 14 0 22 7 19 1 20 8 11 25 2 28 26 3 24
