25
25
6 19 5 17 21 22 9 18 15 10 14 20 16 11 8 13 7 0 23 1 24
23 3 9 24 2 14 0 4 20
19 14 16 10 5 8 21 9
0 20 16 17 23 22 2 8 3 19 7 21 10 18 15 24 13 1 6
19 21 16 14 12 9 0 4 24 2 11 5 6 1 3 8 20 13 10 17 23
11 5 19 24 20 22 16 17 13 2 0 23 21 3 1 4 6 10 18 7 8
9 0 8 3 18 11 21 17 6 15 23 22 20 1 10 13 19 14 12 2 7 4 16
4 6 2 23 3 16 5 18 10
1 9 11 22 17 6 12 2 3 15 4 10 5
23 18 12
11 21 19 10 15
15 0 23 11 6 21
14 10 4 11 21 16 24 15 3 7 2 0 9 18 8
1 2
3 4 14 12 0 22
21 17 13 3 19 22 15 18 2 5 10 24 12 1 14 6 7
23 24 2 15 18 3 13 7 0 20 8 5 17 1 6 19 10 16 9 12 4
19 11 14 0 20
17 15 22 8 21 19 6 12 10 11 3 23 7 13 9 20 18 4 0 5 14
22 19 24 0 18 13 3 11 12 15 1 7 21 16 4 9 10 6 8 14 20
2 19 20 22 14 6
14 2 0 8 10 22 18 4 11 21 24 17 9 1 3 15 23 6 16 20 13 7 19 12
1 6 18 17 3
5 23 24 4 20
15 18 24 0 22 23 2 13 7 14 21
