28
18
14 5 8 21 15 23 27 11 18 0 9 10 13 17 26 6 3 1 7 12
6 23 13 17 27 22 16 18 21 24 2 11 10 26 20 5 3
12 16 11 22 10 26 19 2 5 9 15 24 23 4 8 7 1 13 14 25 0 18 27
20 23 4 6 22 26 14 0 27 10 19
19 24 21 22 25 18 11 16 9 2 23 27 12 15 4 7 14 8 10 13
24 16 2 0 15 21 11 8 7 23 14 25 10 18 19 9 5 13 12 1
22 13 5 25 23 15 11 16 12 24 9 8 19 20 1 21 18 3 4 10
9 5 14 19 17 0 6 8 11
16 27 1 21 2 7 0 14 4 5 6 24 9 20 10 26 19 22 25 3 13 17 23 12 15 11 8 18
11 9 24 17 26 6 15 10 22 12 18 8 25 16 19 0 23 13 7
10 13 21 20 15 14 25 2 11 1 16 27 19 23 17 18 5 4 6 9 12 8 26 3 7 22 24
4 16 2 15 25
26 19 9 7 27 15 2 1 11 12 13 24 20 25 17 18 3 23 22 14 10 5
9 23
13 12 27 0 22 26 23 7 15 6 9 16 19 2 3
23 1 5 17 7 14
17 23 10 2 5 22 3 15 18
12 18
