29
22
21 14 3 25 6 4 23 11 15 1 26 9 20 10 16 27 18 12
17 7 5 23 19 18 10 21
14 8 28 11 18 15 16 12 0 4 10 20 19 3 17 21 9 24
6 25 20 22 14 2 0 4 10 16 23 13 7 26 17 9 18
14 18 6 4 13
5 25 14 20 8 24 18 11 22 17 9 27 2 3 21 19 13 10 6 16 7 1
7 20 4 22 0 25 13 2 21 15 23 1 3 9 5 11 12 14 24 18 27 10 17 6 26 28 16 19
9 18
0 26 6 28 4 5 19 16 11 18 17 25
12 9 2 21 15 14 5 1 8 22 20 3 27 6 0 4 11 17
0 13 26 12 1 4 2 5 6 8 21 9 11 15 24 7 23 20 10 3 14 27 17 18 25 19 28
24 2 3 14 7 13 18 5 17 0
2 18 14 11 4 28 19 15 12 24 3 0 9 13 5 10 26 7 8 21 25 22 6 23 16 1 17 27
27 21 17 15 16 9 10 28
15 12 16 19 21 6 22 2 27 0 4 24 20 17 9 26 13 10 28 25 3 8 7 18 11
3 28 13 17 19 4 8 23
11 15 26 18 22 5 12 27 23 17 20 3 13 8 4 7 24
5 7
18 20 3 2 23 12 16 8 7 15 9 27 17 11 5 24 22 1 6
28 1 4 13 18 6 7 23 25 17 20 3
13 26 28 20 22 19 12 27 18 23 14 11 2 8 5 0
0 17 1 26 23 8 15 14 6 13 27 18 19 21 16 11 28 22 25 9 12 5 24 3 2 10 4 7 20
