25
20
19 21 17 14 10 3 15 0 20 13 5 11 23 16 18 4 2 1 6 9 12 24 8
8 18 12 19 4 0 13 10 11 21 14 7 1 23 16 24 22 9 20 5 2 17 15
15 2 18 16 17 6 9 22 4 21 7 19 13 24
18 3 19 2 4 6 11 8 7 13 5 17 23 0 9 22 15 24 21 1 10 14
19 3 9 17 2 5 15 22 7 24 18 4 10 6 20 14 11 1 23 12 8
17 12 20 2 24 19 21 14 16 15 7 5 23 22 4
11 6 1 16 15 22 14 2 21 19 13 18 5 10 23 4 20 9 3 8
22 0 6 18 24 13 4 23 17 21 5 15 19 16 20 12 11 9 8 1 7
7 8 2 15 4 23 14 16 19 20 11 24 12 3 18 21 10 5 6 0 1 22 13 17 9
22 9 24 21 13 6 8 20 16 19 12 5 7 2 10 3 4
7 23 8 17 0 24 2 10 18 9 22 12 20 5
4 13 0 6
21 4 3 14 17 11 22 5 2 23 6 16 19 13 20
10 8 4 11 0 21 6 17 1 24 9 2 15 7 22 12 13
9 7 2 11 16 5 3 20 23 13 15 18 1 22 0 12 21 24
4 20 19 13 0 23 12 11 17 5 21 15 24 1 22 8 3 6 14 10
18 24 0 8
5 22 19 1 10 20 12
0 2 12 19 10 11 3 9 13 17 16
21 0 7 2 24 11 15 6 22 16 10 20 17 9 19 12 5 1 4 13 3 23 14
