27
16
11 20 18 12 24 5 17 10 9 26 22 3 25 1 23 21 15 2 4 8 7 0 19 13
7 8 5 4 13 23 19 11 2 12
12 1 7 14 22 15 20 2 13 5 16 8 10 18 17 0 23 21 4 19 6 26 9 3 24
13
16 7
2 17 5 13 24 12 18 9 25 15 1 10 4
0 22 17 25 21 24 16 26 18 12 11 14 2 20 15 1 10 7 4 13 6
5 1 17 14 2 7 8 25 6 15 4 13 19 9 23 3 22
18 3 22 14 23 4 10 20 15 24 21
15 5 12 9 11 18 17 7 8 25 16 22 24 10 2 14 20 3 19 1 13 23 26 0 4
17 5 12 2 8 19 10 0 18 7 21 1 6 20 11 24 14 15 4 13 26 3
15 19 13 26 18 8 23 7 10 1 16 25 6 22 3 14 21 9 20 17
25 23 15 1 0 24 18 7 10 21 22 20 12 11 19 6 16 13 9 14 17 26 3
15 16 24 25 5 20 6 23 0 7 19 14 2 11 26 18 13 10 22 9 1 17 8 21 12 4 3
21 6 2 1 18 16 13 12 20 23
0 21 2 16 15 26 22 7 19 5 9 8 4 10
