21
21
11 8 20 1 7 17 2 12 19 6 3 15 13 5 4 9 0 18 16 10
3 6 9 15 20 12 18 13 0 7 10 17 1 5 16 8 14 11 2 4 19
1 11 19 0 8 13 2 16 14 6 18 20 7 4 12 9 5 3
17 19 20 10
12 1 7 18 9 4 15 0 16 8 5 19 17 20 3 10 13 6
5 0 2 19 15 16 6 7 18 17 9 20 3 14 1 10
4 2 7 10 13 17 3
19 2 14
12 8 0 18 3 14 5 7 17 11 2 15 1 6 20 16
8 9 1 18 14 15
18 2 11 19 6 14 4 17 16 13 0 10
17 0 5 6 18 13 7 19 3 11 1 4 10 16 14 15 9 20
18 16 2 13 11 14 20 9 8 10 3 17 0 7 4 19 1 5 6
4 8 14 15 11 20
17 19 18 11 2 5 16 3 14 0 12
12 10 19 0 15 5 20 6 13 18
20 12 4 16 7 11 8 14 13 6 1 9 2 0 19 17
14 4
9 20 19 17 13 2 4 16 10 12 5 1 11 6 15 18 7 0 8 3
5 11 19
10 6 17 3 2 11 5 12
