29
23
25 11 4 21 14 9
8 14 4 6 23 15 7
4 14 1
10 28 5 6 21 16 17 9 19 2 25 22 26 23 14
19 25 26 9 17 1 13 23 20 28 14 3 24 16 8 2 21 7 10 0 6 15 11 12 27 22 4 5 18
17 9 16 23 24 3 6 2 25 10 14 12 15 22 28 11 13
20 23 28 12 9 15 19 2 11 16 13 25 27 3 10 4 7 6 18 0 26 8 22 17 14 1 21 24
18 11 3 13
9 3 19 15 17 2 27 28 1 20 21 18 14 8
9 12 25
25 9 12 19 26 10 1 13 28 7 24 2 6
0 23 3 22 6 2 15 25
28 15 6 8 17 0 7 18 3 27 16 23 5 1
7 20 15 27 2 6 16 8 4 21 28 10 18 25 13 17 12 14 24 23 19 1
9 11 23 26 22 8 12 14 21 20 6 18
13 15 16 22 6 11 7 2 19 18 23 20 21 17 9 0 5
3 28 2 10 7 17 9 11 22 26
6 5 15 8 11 1 2 28 22 19 14 16 0 24 21 20 7 9 10 27 13 4
19 10 13 3 8 28 14 26 20 9 7 12 11
11 9 17 10 1 18 22
14 0 17 13 26 3 4 18 1 11 2 23 25 27 22 24 19 28 7 15 16
3 21 10 11 14 23 26 17 15 7 19 22 28 24 8 12 20 0 5 25 2 6 27
17 10 14 13 20 19 1 7 0 27 11 8 21
