25
20
22 10 20 12 8 23 6 24 2 14 13 11 1 21 4 3 7 5 15 18 17 16 19 9 0
0 21
16 9 18 17 5 0 10 14 12 23 1 2 20 21 15 24 4 19 13 3 7 11
10 22 0 5 9 12 7 24 11 21 23
7 18 22 21 5 2 13 15 14 9 4 8 0
20 2 10 19 5 23 14 24 0 7 17 6 18 1 4 8 22 15 9 11 13 21 3 12
17 12 14 0 24 4 13 22 6 11 8 21 3 2
21 7 17 14 2 24 6 12 11 9 10 15 3 20 8 22 0 4 5 18 16 1 23 13
6 8 14 11
19 7 20 12 4 9 5 6 13 2 16 11
2 15 14 16 8 3 22 18 6 19 23 12 10 21 7 17 9 20 11 13 0 5 1 24 4
11 4 15 17 0 18 5 10 23 8 12 13 22 3 19 20 9 16 24 21 7 6 14 2 1
22 14 21 8 11 24 12 7 3 10
16 3 15 17 6 10 1 23 0 8 2 24 12 5 11 9
18 3 7 24 9 1 17 19 20 13 12 11
11 22 10 14 0 16 21 24 13 8 12 15 19 4 20 5 7 6 9 2 1
10 2 17 8 1 23 22 9 12 13 19
21 13 9 4 19 2 12 22 1 17 8 14
16 18 9
19 20 9 6 1 24 8 18 4 12 10 22 15 13 0
