29
28
12 22 5
21 13 12 2 23 9
27 2 20 25 11 10 18 9 16 24 23 15 12 28 19 21 5 14 4 6 0 13
14 10 15 7 0 3 1 17 8 26 23 27 21 24 18 12 13 25 4 9
15 2 21 5 28 18 4 0 1 14
13 0 21 10 12 5 16 27 3 20 8 18 17
19 22 20 2 0 28 17 7 24 11 26 6
28 7 21 2 0 14 24 3 20 23 1 15 10 18 12
15 9 5 24 7
23 25 8 0 3 28 17 13 4 19 15 22 5 26 7 9 6 1 18 24 20 11
27 18 14 19 8 15 21 11 5 2 13 22 1 28 23 26 0 24 9 25 3 7 6 12 16 10 20 4
16 0 28 12 25 10 8 17 7
26 11 4 9 19 17 6 2
11 1 17 28 9 12 24 19 10 25 27
7 27 19 10
19 2 14 6 5 17 12
21 15 12 14 27 26 16 22 3 6 17 28 4
1 8 10
1 2 20 27 12 0 10 8 4 26 19 17 5 3 25 22 28 16 23 6 9 15
25 26 27 19 21 7 2 16 1 11 0 17
24 5 3
25 13 0 20 6
13 28 6 27 19 3 2
25 28 15 4 18 21 3 2 26 5 1
19 4 18 27 0 15 7 24 22 23 12 14 2 5 20 11 28 10 25 16 26 6 3 9 13 8 17 21
1 2 27 4 11 24
27 22 14 0 23 2 7 12 13 9 18 1
28 2 14 3 20 5 13 9 15 27 11 26 6 17 18 22
