26
21
0 22 8 24 4 10 6 18 21 15 17 12 7 2 3
20 17 2 24 10 4 8 19 6 11 1 7 23 12 3 22 9 13 16 18 21
12 15 23 24 13 11 6
5 24 1
16 4 10 8 22 2 21 14 13 19 20 6 0 23 12 11 24 5 1 15
1 15 5 14 0 13 18 21 19 2 11 25 10 7
18 13 8 3 21 15
5 13 19 0 1 24
23 3 0 2 7 24 22 14 21
14 16 5 20 22 15 4
21 16 8 6 13 14 7 22 9 24 20 17 5 23 0 11 3 2 10 18 19
2 14 11 6 19 16 12 21 13 10 17 5 8
9 0 10 16 19 6 23 1 2 22 21 17 13 18 12 15 7 14 3 8 20 25
8 21 19 6 14 9 10 2 1 15 5 3 11 23 20 25 13 17 0 16 18 7 4
19 6 13 25
4 25 5 1 8 15 3 0 20 23 24 10 16 17 18 19 6 9 13 7 22 14
18 17 11 7 6 24 20 16 12 5 14 2 1 25 10 23 13 0
24 25 10 7 11 20 19 15 21 16 2 23 18 9 4 8 5 14 1 17 3
25 5 11 22
1 13 16 21 19 7 0 4 5 18 20 8 11 2 14 15 9 25 24 10 6 22 17 23 3 12
8 6 18 25 19 0 9
