30
28
24 10 26 12 4 7 17 18 13 23 25 3 20 5 27 15 29 28 14 1 22 0 11 8 9 16
27 25 20 22 16 24 17 21 28 7 14 11 12 2
27 3 2 6 15 4 1 18 13 11 8 21
26 23 24 15 29 17 22 14 18 16 0 4 7 1 10 28 5 9 12 2 21 3 27 13
29 11 9 12 24
12 18 1 3 24 29 4 23 20 26 19 21 7 11 0 2
2 19 18 5 0 23 25
1 25 27 11 14 29 7 15 6 4 9 16 3 8 12 18 24 13 22
17 18 8 29 23 12 10 2 24 7 20 22 9
26 13 0 28 2 21 9 20 16 6 15 3
18 26 28 23 5 7 29
22 12 3 8 1 0 16 29 13 6 28 25 17 24 26 15 19 5 9 10 4 2 23 7
13 22
22 5 26 14 12 29 16 28 20 4 15
27 17 21 28 14 16 9 0 6 7 2 8 23 15 25 20 19 13 3 5 22 10 4 11 12 18 24 26 29
27 23 12 6 10 21 9 3
11 20 13 15 1 22 28 3 29 17
27 11 18 29 8 17 13 15 23
5 29 14 28 9 7 23
4 3 10 17 8 23 18 6 25 1 16 9 7 15 26 11 5
15 5 14 27 22 8 25 10 2 4 20
15 22 11 4 18 26 13 29 9 3 25 12 2 24 10 0 17 1 21 7 8 20 27 5 14 23 16 28 6
4 17 26 7 8 0 9 19
3 2 18 19 10 8 28 11 9 0 23 1
26 24 22 2 12 13 20 27 28 7 21 29 10 16 11 4 0 8 15 25 14 1 23 9 6 3 19 18
14 23 8 26 12 28 18 7 1 3 11 16 10 15 24 5 20 2 21 25 22
29 13 24 9 25 27 8 18 7 16 17
6 13 17 15 3 0 23 27 28 29 7 5 12 8 19 2 10 24 26 9 11 25 4
