24
17
10 2 21 19 13 12 1 6 0 14 15 8 20 11 3 17 18 7 22
21 3 2 0 16 14 20 6 4 23 19 8 11 1 9 22 13 15 18 7 17 10 12
21 18 9 19 7 14 1 3 16 10 20 12 5 2 4 6
8 23 6 2 5 1 10 15 14 12 0 20 3 4 13 18 16 7 9
4 23 19 10 20 16 12 22 5 14 11 8 7 15 9 6 13 1 17 18 3 0
19 5 1 9 16 10 11
20 23 6 22 15 11 10 7 8 16 1 0 19 21 18 12 2 9 13 17 4 14 3 5
17 0 12
20 8 22 12 19 15 2 11
12 2 17 20 23 0 19 4 22 11 3 8 18 7 10 6 5 21 14
21 11 3 22 0 12 6 14 1 18 13 5 7 4 15 8
8 16 12 20 10 19 11 13 23 5 2 17
8 1 18 15 7 2 21 0 23 17 19 11 16 6 4 5 3 22 10 14 20 9 13
9 16 2 1 0 14 22 17 8 7 5 23 6
21 1 5
2 8 11 12 15 21 0 3 5 18 9 14 1 6 16 4 13 10 17 19 22
19 0 10 20 3 2 11 5 6 8 4 1 7 15 16 17 13 21 12 18 23 14 22
