29
20
6 0 10 4 25 16 3 8 26 12 14 7 11 20 28
1 28 15 27 21 8 3 12 20 13 26 6 10 2 14 4 18 19 0 17 23 11 7
8 6 20 16 27 1 0 14 21 23 5 25 7 17 3 24 13 9 18 22 2 4 12 15
23 2 0 19 9 8 26 1 20 24 21 17 14 16 13 11 18 10 12 15 22 27
25 27 12 6 0 15 21 11 20 5 14 24 10 26 9 19
23 21 13 1 12 26
4 27 20 28 8 14 13 2 25 16 3 19 23 0 22 12 26 10
14
22 2
16 6 21 8 13 27
24 9 14 12 1 25 2 4 22 21 5 7 20 11 27 26 19 17 23 3 28 6 15
11 12 17 10 24 3 21 16 6 22 7 18 1 23 19 28 27 15 20
8 24 21 18 25 17
22 14 25 3 23 16 20
0 18 8 20 7 17 1 16 27 2 4 11 24 5 3 26 10 12 19 15 14 22 23 28 13 6 25
11 5 20 3 26 19 23 6 18 0 17 9 14 2 4 22 27 24
15 11 20 13 27 26 16 2 8 14 10 28 7 3 21 5 23 0 19
23 2 11 15 17 10 0 7 26 21 12 8 19 20 27 6 1 5 22 24 18 4 13 16 14 25
1 9 5 24 26 8 22
19 4 0 23
