26
23
6 0 17 12 3 19 15 8 24 4 11 18 20 23 14 21 16 22 13 5 25 1 10
24 19 2
5 12 23 16 15 6 17 11 0 1 14 18 20 7 2 22 4 8 3 13 25 21 19
12 15 22 2 20
14 12
15 18 1 11 7 20 2 10 5 4 21
19 17 8 6 15
2 6 24 20 18 17 0 12 23 19 4 1 10 14 11 13 9 5 25 22 3
16 12 9 1 17
17 25 20
5 24 2 0 21 15 17 14 22 16 12 10 11 18 1 3 19 20 7 6 8
17 13 10 19 14 20 2 16 7 5
2 25 23 3 7 14 16 21 19 12 4 6 15 1 13
19 0 15 11 24 17 14 13 23 5 12 10 2 1 25 9 4 8 3 18 20 21 22 16 6
10 11 16 3 15
24 8 19 20 16 12 4 10 21 11 6 18
21
25 12 20 21 2 24 22 11 14 8 0 3 18 7 17 6 5 1 19
21 16 5 8 6 7 24 25 22 4 23 2 15 1 0 9 17 14 13
5 13 9 18 8 20 16 19 23 15 11 4 7 25
25 1 18 5 14 15 4 24
8 18 6 10 25 19 3 2 17 15 13 12 7 5 16 24 11 20 1 0 9 22 21 23 4 14
10 7 11
