28
16
23 19 25
16 4 14 12 20 11 6 24 0 10 1 3 9 17 8 15 13 21 2
18 9 10 5 21 11 19 8 16 14 24 26 17 2 13 1 15 6 22 0 20 4 27 12 25 23 7
13 12 25 11 6 1 3 5 9 8 26 22 2 0 7 20 15 14 19 17 27 23 10 21 24 16 4 18
10 22 6 21 11 4 25 18 1 14 24 15 0 7 23
15 14 27 11 12 19 7 13 17 2 22 3 5 16 21 18 24 20 26
12 19 0 20 24 7 1 8 21 17 23 25 13 11 3 10 2 15 26 4 18 14 22 6 9 16
13 15 24 6 20 8 9 10 26 16 23 2 4 14 11 19 25 21 3 5 18
2 16 3 26 9 12
5 0 26 21 12 11 15 16 20 23 8 1 14 4 3 6 24 9 13
15 8 23 26 11 0 5 2 12 14 9 6 22 20 3 13 1 24 17 27
18 26 17 21 11 19 16 1 13 27 5 8 20 6 2 24 4 25 9 10 3
4 7 15 5 9 25 0 21 3 2 23 18 1 19 6
0 13 19 9 4 15 11 5 26 16 14 18 6 3 1 17 2 21
21 11 6 8 14
0 23 24 6 15 2 9 14 8 4 17 20 3 1 27 21 5 18 19 25 11 22 13 7
