29
29
21 0 10 9 2 3 24 13 6 26 4 11 17 14 16 28 23 20 27 15 25 5 22 18 19 12
17 0 18 9 1 20 23 28 7 24 16 25 3 8 6 5 22 14 12 15
14 1 7 15 3 11 12 26 19 4 20 17
11 5 10 17 27
1 17 21 9 5 4 6 25 27 11 20 26 0 8 14 16 7
15 22 2 6
7 25 11 2 6 4 22 19 1 26 18 10 14 23 17 5 27 3 12 9
1 5 19 3 12 4 18 10 22 17 14 9 13 11
27 1 25 0 3 8 10 23 9 21 22 17 26 28 15 16 18 24 5 6 14 13 2 20 4 7
11 8 5 28 0 14 23 6 24 4 10 7 1
22 8 10 7 17 13 20
1 25 19 10 5 4 7 8 0 13
28 25
25 14 1 22 21 6 3 20 23 13 11 19 0 10 9 12 24 7 17 15 2 8 16 26 27
8 18 28 22 2 9 7 11 25 21 6 15 23 4 16 14 5 12 3 20 1 24 26 19 10
11 12 22 16 2 15 5 27 26 13 21 28 9 3 10 19 14 18 1 6 17 7 25
1 2 10 0 20 17 24 6 15 11 27 25 16 9 21 22 14
25 8 2 22 9 27 3 5 16 7 12 28
21 3 8 0 16 7
1 6 5 9 12 21 18 15 2 8 19 3 7 27 13 26
1 23 21 20 4 7 25 5 11 17 13 10 0 27 12 9 24 18 16
17 28 11 4 23 9 24
25 16 12 1 8 11 6 20 28 21 13 23 26 27 5 2 24 0 4 7 3 14 10 19 15
21 20 0 3 10 17 27 8 11
20 9 8 0 4 12 27 18 19
0 20 17 24 13 1 10 28 19 22 15 8 21 16 27 14 9 12 25 5 23 18 7 6 2 4
21 4 0 19 11 16 25 9 17 5 27 13 2 28 15 7 14 23 24 18 26
18 9 10 20 22 1 6 0 5 3 28 23 4 13 19 25 17 7 11 26 27 12 14 16 15 2 24 8
17 4 25 5 13 0 12 24 10
