27
24
19 21 24 16 4 1 2 8 10 22 9 20 6 5 11 17 18 26 7 12
25 2 20 12 6 8 16 19 4 24 26 3 7 14 13 21 23 22 18 17 0 1
5 12 23 24 0 14 22 16 7 3
3 7 25 15 24 8 17 10 16 6 22 9 11 19 1 5 21 12 4 18
26 16 15 23 7 14 8 6 0 22 13 18 4 1 25 12 24 20 17 5 10
20 11 22 2 5 19 18 17 13
17 26 4 15 8 16 18 19 6 9 21
16 12
19 2 16 4 18 24 11 15 7 14
17 24 4 1 7 12
15 7 6 8 26 9 23 11 4 10 5 0 25 16 20 12
3 26 15 16 19
23 2 0
9 20 14 18 3 15 10 5 21 12 7 4 0 23 24 19 22 11 16 2
8 19 24 15 1 26 6 21 25 12 10 3 14 16 11 7
2 20 23 21 7 0 12 3 4 11 6 24 25 16 9 22 5 1 8
2 3 16 5 12 21 25 23 0 14 4 9 11 1 13 24 10 20
19 23 24
14 26 15 2 25 3 23 5 8 11 16 12 19 13
0 4 19 11 14 2 16 1 17 9 24 13 23 7 12 18 10
8 6 17
14 3 0 1 13 2
0 19 20 3 14 23 17 10 7 18 16 9 12 21 25 11 6 4 5 26
13 7 18 20 21 0 14 3 15
