28
28
23 17 14 6 9 16 24 5 1 20
4 24 27 12 10 11 22 3 0 13 21 7 1 17 16 9 5
16 11 20 24 13 10 17 1 7 3 2 9 27 15 5 4 14 26 0 19 21 8
17 13 26 27 0 10 15 18 21 5 1 19 16 25 14 11 7 6 8 2 9 23 22 3 24 12
17 18 14 7 11
7 12 15 1 11 18 14 19 20 23 10 6 2 27 25 16 3 21 8 17 4 5 0 24 26
24 2 11 9 26 27 5 10 20 6 3 25 12 0 22 18 17 7 19
20 3 0 2 26 25 10 27 18 5 9 23 6
19 10 5 8 24 14 2 22 4 17 12 6 11 9 21 15 13 26 25 7 27 1 23
2 9 12 27 18 6 17 20 25 5 21 15 7 13 11 10 8 4 14 26 24 3
20 15 1 8 7 21 13 2 23 22 27 9 25 24 19 17 18 3 10 0 26
4 13 21 27 3 25 26 11 14 1 24 19 17 15 16 8 12 23 6 22
5 27 22 9 6 16 14 15 12 13 23 11 19
7 23 1 4 10 20 0 15 21 24 5 17 9 8 14
25 21 12 6 26 11 24 16 20
25 10 13 24 1 16 4 8 0 5 14 18 17 23 2 9 15 21
0 6 17 8 9 1 7 19
0 12
15 22 25 10 5 26 6 2 12 3 18 23 16 27
22 26 18 2 20 6 3
7 5 25 12 9 2 4 24 23 27 3 10 17 16 18 19 1 15 0 26 11 8 6 14
0 3 14 4 16 15 8 22 19 9
0 27 25 21 2 7 16 5 13 15 1 18 8 10 19 14 20
14 1 2 16 4 9 0 21 15
9 14 25 15 26 5 0 18 3 19 7 24 1 17 27 22 20 23 10 6 16 21 4
16 13 2 6 15 12 25 19 23 8 11 5 20 17 0 3 10 4 22 14 26 9 18 21 7 1 27
9 15 12 27 10 16 6 0 24 1 14 19
7 0 12 16 17
