26
26
22 7 24 0 4 19 1 17 16 5 25 15 23 2 10 14 11 21 13 9 8 3 6 20
17 18 20 1 2 21
0 6 14 9 1 18 16 5 24 22 3 19 12 10
25 6 23 13 9 11 8 12
18 7 3 22 12 0 6 17 16 15 24 11 9 19 14
1 22 18 19 15 6 10 13 9 23
11 22 13 17 1 18 20 0 14 19 10 16 21 24 9 7 2 23 6
20 14 15 12 11 13 19 16 22 4 5 18 9
25 19 14 9 2 24 13 5 17 8 1 16 12 3 0 22 4 21 10 20
1 3 22 8 25 4 10 2 24 19 11 23 17 16 21 7 6 12 0 9 13 5 14 18 20
9 18 17 20 11 24 0 19 23 14 15 2 3 21 5 4 16 12 22 10 13 7 1 8 25 6
11 20 25 22 7 9 0
16 9 4 8 12 25 24 20 5 14 2 6 7 0 1 13 19 21 10 11
16 2 25 1 17 13 0 23 19 9 18 4 5 14 21 12 7 10 20 22 11 24 3 8 6 15
18 16 7 15 3 21 20 25 6 4
20 10 25 22 12 3 9 2 19
11 6 20 9 10 2
12 9 21 0 8 23 16 4 7 6 14 20 15 10 5
11 8 24 15 5 20 18 6 23 3 0 21 22 10 19 25
15 7 11 4 8 23 12 24
5 17 15 1 22
24 20 22 19 17 8 9 18 5 14 13 11
2 4 22 20 7 21 10 14 13 24 0 19 11 5
13 10 0 3 4 7 16 9 8 25 2 19 15
11 7 16 21 17 3 19 14 8 25 22 4 12 23
20
