29
24
6 4 28 11 12 8 1 5 16 25 15 23 14 27 9 0 13 21
5 20 14 25 10 28 26 2 12 21 8
6 0 3 8 24 25 4 2 9 23 5 16 13 27 18 7 21 28 19 17 15 10 22 1 11 14 26 12
7 23 8 22 14 18 11 20 5 3 13 28 6 4
17 0 15 12 11 24 10 14 3 21 8
5 28 3
1 3 18 25 0 22 19 24 8 6 12 14 23 7
9 27 14 13 1 23 10 18 19 25 7 4 2 3 17 8 22 5 21 12 26
9 10 24 11 19 4 6 14 28 20 25 27 0 3 18 15 2 17 21 7 26
28 0 19 16 15 21 18 26 17 7 2 24 23 14 12 1
19 20 4 5 11 3 25
25 17 8 2 3 13 20
5 0 2 21 11 19 10 20 8 24 27 15 9 23 17 16 1
8 15 16 24 11 12 22
14 13 3 23 4 1 8 15 20 7 11 17
0 5 16 2 10 17 13 26 7 21
12 8 2
9 28
26 1 10 18 16 6 5 25 4 17 28 11 9 8 27 12 7 19 23 20 3 2 0 15
8 23 2 10 25 0 27 14 22 7 9 3 19 13 28
6 3 26 13 16 25 10 2 5 28
13 10 17 21 0 27 4 8 12 3 18 11 19 1
13 0 19 5 18 4 27 9 1 6 3 28 26 12 15 25 8 23 17 14 7 11 21 10 2 22 16
15 5 20 23 6
