29
24
7 4 3 0 27 12 1 15 22 25 18 24 11 8 10 6 16 23 20 17 26 13
12 13 4 14 17 23 18 6 11 26 25 8 15 5 3 21 28 19 27 9 2 7 1 22 16 24 0 20 10
6 27 24 4 19 15 21 25 11 16 3 17 2 28 12 22 20 23 5 1 14 26 13 0 10 7 9
11 27 16 15 22 13 14
27 13 9 17 18 25 0 4 10 6 19 5 8 11 21 3 14 20 22
8 3 24 13 10
9 11 27 25 1 12 3 18 8 16 10 15 7 20 5 23 24 14 22 17
25 28 2 8 6 11 13 14
6 5 26 13 10 23 18 25 28 7 15 1 21
8 24 15 17 26 21 7 18
27
10 15 20 1 9 22 8 7 19 14 2
6 4 5 28 21 19 16 10 11 22 18 14 3 27 15 8 1 12 26 23 7 2 20 0
3 17 16 6 27 8 13 22 12 19 9 11 26 0 20 2 21 18 15 24 1 10 4 25
7 27 18 21 15 28 14 2 4 17 3 0 6 5 16 26
12 4 22 20 9 6 26 3 11 13 19 17 24 28
28 8 22 17 12 23 21 16 7 24 0 25 14 19 4 18 6 10 27
14 6 4 1
7 22 21 14 15 2 17 6 3 0 11 20 25 10 28 19 5
20 3 9 22 25 19 13 17 10 28 24 18
2 12 23 21 15 25 18 8 6 16 20 14 26 24 4 1 10
11 23 25 3 14 1 7 16 27 2 0 24
18 10 16 26 28 22 1 21 3 27 23 2 5 11 19 24 25 9 7 6 20 13 12
19 27 4
