26
20
0 12 1 21 18 20 16 17 15 5 7 23 6 13 24 3 25 14
11 19 23 1 25 14 10
6 5 23 24 10 11 19 9
16 9 22 6 23 20 2 24 14 11 19 10 12 5 25 0 17 7 1 18 21 8 4 13 3 15
20 18 21 23 0 22 13 5 16 2 25 11 19 4 7
3 8 1 17 21 18 23 24 20 14 25 15 12 0 4 22 10 16 6 7 5
21 16 20 14 23 3 8
25 18 21 2 23 17 4 0 6
18 16 21 13 23 22 3 20 5 4 10 19
1 21 14 4 6 15 12 24 11 10 20 3 22 18 16 23 25
16 19 5 25
20 4 13 19 10 8 17 21 14 9 5 1 12 11 16 18
11 22 17 24 23 10 0 20 5 25 4 16 14 9 7 1
20 25 16 18 1 13 11
17 5 19 13 15 4 10 9 14 0 7 11 8 21 24 20 12 23 2 6 16
23 5 25
23 0 6 17 15 24 20 9 5 22 7 16 18 11 4 1 13 21 3 14 8 2 25 12 19
5 23 22 6 9 16 8 19 2 12 24
15 25 19 18 13 4 23 2 9 8 3 22 24 12 5 20 14
7 20 23 6 16 18 8 17 24 11 0 13 14 5 25 21 12 1 19 2 10
