20
20
7 17 6 14 16 12 5 19
2 6 18 3 5 10 12 14 9 16 15 7 11
18 16 1 7 4 17 2 6 12 5 11 0 19 10 3
6 7 8 0 9 15 3 10 1 17 5
10 6 7 5 4 9 14 11 19 13 16
7 13 15 10 17 12 11 1
2 10 1 3 4 12 11 8 6 19 16 14 0 13
9 11 19 3 17 4 13 6 0 12 18 16 10 2 14 15 5 7 1 8
7 8 3 18 17 19 2 12 11 6 5 15 13 4 16
9 16 8 7 3 0 12 2 13 17 1 10 4 11 19 14 18 5
2 15 7 9
4 11 13 7 3 14 1 0 19 17 2 5 16 18 8 10 9 15 6 12
17 13 9 5 11
14 18 6 2 16 1 3 15 5
10 13 6 9 8 15 1 12 2 5 3 16 17 18 14 4 11 19
7 16 1 2 15 18 4 13 14 19 12 17 11 9 5 10 6
11 17 8 14 2 7 0 5 3 9 13
11 8 1 19 16 0 9 12
11 5 19 6 12 3 8 2 17 7 16 1 0
1 2 8 14 13 12 3 11 17 18 4 7 9 6 16 19
