27
27
13 5 11 17 9 18 21 19 24 1
10 1 9 18 21 4 2 16 15 25 8 12 23 24 13 14
25 10 13 26 4 16 0 17 14 8
3 2 20 21
24 16 11 7 5 14 15 13 8 10 12 17 2 23 19 21 25 3 20 4 6 0 9 26 1 22
10 1 25
21 3 10 13 5 14 6 2 15 25 26 18 20 4
13 20 21 10 6 23 26 11 15 19 4 17 3 12 8 0 2
13 10 25 16 7 21
8 11 5 18 2 9 13 14 15 19 17 16 4 7 21 22 23 20 25 12 24 10 3
20 26 15 25 17 10 4 22 13 5 16 8 7 2 18 21 14 1 3 9 19 0 23 11 6 24
20 7 21 16 0 15 12 11 18 10 6 19 25 4 22 26 5 13 24 2 9 23 17
15 16 9 5 18
8 24 4 17 12 15 22
18 21 23 16 26 5 8 11 6 1 0 4 13 22 7 10 17
20 11 16 2 10 6 7 24 13 4 12
7 21 3 4 19 23 2 11 20 0 16 22 5 24
8 5 13 22 14 20 24 4 18 2
12 7 15 17 23
1 25 0 26 8 22 2 17 24 3 21 15 18 19 16 4
25 0 10
16 18 17 13 0 3 26 25 7 12 14 1 15
24 11 14 22 2 8 0 9 13 4 17 20 26 16 25 7 6 12 5 18 15 10
10 7 12 26 4 24 0 13 11 15 3 21 8 6 25 22 18 23 17 20 9 1 19 14 5 2 16
22 8 25 5 12 13 3 15 18 9 21 10 7 20 1 6 24 16
16 2 9 14 13 19 24 11 12 6 8 23 17 0 5 10 20 1 18 26 7 22 3
6 10 3 8 17 20 26 16 21 14 13 12 5 4 19
